0.09 0.14 0.13 0.12 0.11 0.09 0.09 0.09 0.08 0.06 
0.1 0.16 0.16 0.16 0.16 0.16 0.0 0.0 0.0 0.08 
0.25 0.25 0.12 0.11 0.04 0.04 0.04 0.04 0.0 0.1 
0.12 0.12 0.12 0.12 0.12 0.12 0.12 0.12 0.0 0.06 
0.42 0.42 0.0 0.0 0.0 0.0 0.0 0.0 0.0 0.16 
0.14 0.13 0.12 0.11 0.11 0.11 0.11 0.1 0.0 0.07 
0.06 0.17 0.13 0.11 0.11 0.09 0.08 0.08 0.07 0.11 
0.04 0.27 0.27 0.13 0.1 0.0 0.0 0.0 0.0 0.19 
0.09 0.14 0.12 0.11 0.1 0.09 0.09 0.09 0.08 0.1 
0.14 0.13 0.12 0.12 0.12 0.09 0.08 0.08 0.0 0.11 
0.27 0.27 0.27 0.0 0.0 0.0 0.0 0.0 0.0 0.2 
0.06 0.22 0.1 0.08 0.08 0.08 0.08 0.08 0.08 0.13 
0.08 0.14 0.13 0.11 0.11 0.1 0.09 0.09 0.09 0.06 
0.37 0.37 0.0 0.0 0.0 0.0 0.0 0.0 0.0 0.26 
0.07 0.1 0.1 0.1 0.1 0.1 0.1 0.1 0.1 0.1 
0.03 0.24 0.24 0.14 0.14 0.1 0.1 0.0 0.0 0.0 
0.05 0.11 0.11 0.11 0.11 0.11 0.11 0.11 0.11 0.1 
0.07 0.13 0.13 0.12 0.11 0.11 0.1 0.09 0.08 0.06 
0.08 0.11 0.11 0.11 0.11 0.11 0.11 0.11 0.11 0.06 
0.0 0.0 0.0 0.0 0.0 0.0 0.0 0.0 0.0 1.0 
0.08 0.17 0.17 0.12 0.1 0.08 0.08 0.06 0.06 0.07 
0.63 0.0 0.0 0.0 0.0 0.0 0.0 0.0 0.0 0.37 
0.07 0.13 0.11 0.11 0.1 0.1 0.1 0.09 0.09 0.1 
0.75 0.0 0.0 0.0 0.0 0.0 0.0 0.0 0.0 0.25 
0.16 0.15 0.14 0.09 0.09 0.09 0.08 0.08 0.0 0.12 
0.1 0.21 0.21 0.11 0.11 0.11 0.08 0.0 0.0 0.08 
0.03 0.22 0.22 0.13 0.13 0.09 0.09 0.0 0.0 0.09 
0.05 0.15 0.13 0.11 0.11 0.1 0.1 0.07 0.05 0.11 
0.09 0.14 0.13 0.11 0.1 0.1 0.09 0.09 0.08 0.06 
0.25 0.57 0.0 0.0 0.0 0.0 0.0 0.0 0.0 0.18 
0.04 0.2 0.14 0.1 0.1 0.1 0.07 0.07 0.06 0.13 
0.21 0.21 0.12 0.12 0.09 0.09 0.0 0.0 0.0 0.15 
0.15 0.13 0.12 0.12 0.11 0.11 0.1 0.1 0.0 0.07 
0.06 0.16 0.15 0.13 0.12 0.12 0.11 0.08 0.06 0.02 
0.18 0.17 0.15 0.1 0.1 0.1 0.09 0.09 0.0 0.02 
0.04 0.14 0.14 0.11 0.11 0.1 0.09 0.08 0.07 0.11 
0.16 0.14 0.11 0.1 0.1 0.1 0.1 0.09 0.0 0.11 
0.12 0.29 0.13 0.11 0.1 0.08 0.07 0.0 0.0 0.1 
0.21 0.12 0.11 0.09 0.09 0.09 0.08 0.08 0.0 0.13 
0.28 0.15 0.15 0.15 0.12 0.0 0.0 0.0 0.0 0.17 
0.14 0.25 0.25 0.25 0.0 0.0 0.0 0.0 0.0 0.11 
0.29 0.65 0.0 0.0 0.0 0.0 0.0 0.0 0.0 0.06 
0.06 0.15 0.13 0.11 0.1 0.1 0.09 0.08 0.06 0.11 
0.21 0.13 0.12 0.12 0.1 0.08 0.08 0.07 0.0 0.08 
0.23 0.23 0.12 0.12 0.12 0.09 0.0 0.0 0.0 0.09 
0.22 0.22 0.22 0.22 0.0 0.0 0.0 0.0 0.0 0.1 
0.1 0.17 0.17 0.13 0.08 0.08 0.08 0.08 0.05 0.07 
0.02 0.17 0.17 0.17 0.17 0.17 0.0 0.0 0.0 0.14 
0.15 0.31 0.31 0.0 0.0 0.0 0.0 0.0 0.0 0.22 
0.11 0.22 0.22 0.12 0.12 0.12 0.09 0.0 0.0 0.0 
0.19 0.39 0.39 0.0 0.0 0.0 0.0 0.0 0.0 0.04 
0.06 0.17 0.14 0.13 0.12 0.11 0.11 0.08 0.07 0.02 
0.19 0.19 0.13 0.11 0.09 0.09 0.07 0.06 0.0 0.08 
0.1 0.16 0.13 0.12 0.11 0.08 0.08 0.08 0.08 0.06 
0.05 0.15 0.13 0.11 0.11 0.1 0.1 0.07 0.06 0.11 
0.29 0.29 0.29 0.0 0.0 0.0 0.0 0.0 0.0 0.13 
0.08 0.16 0.14 0.11 0.1 0.09 0.08 0.08 0.08 0.06 
0.08 0.14 0.14 0.11 0.11 0.1 0.09 0.08 0.08 0.06 
0.03 0.21 0.21 0.12 0.12 0.09 0.09 0.0 0.0 0.15 
0.22 0.5 0.0 0.0 0.0 0.0 0.0 0.0 0.0 0.29 
0.03 0.24 0.24 0.13 0.13 0.1 0.1 0.0 0.0 0.03 
0.51 0.12 0.07 0.0 0.0 0.0 0.0 0.0 0.0 0.29 
