上海加冷松芝汽车空调股份有限公司(:)
上海升聚松芝车辆部件有限公司~0.03 0.21 0.21 0.12 0.12 0.09 0.09 0.0 0.0 0.15 
上海松永投资咨询有限公司~0.03 0.21 0.21 0.12 0.12 0.09 0.09 0.0 0.0 0.15 
上海松芝制冷设备有限公司~0.03 0.21 0.21 0.12 0.12 0.09 0.09 0.0 0.0 0.15 
上海松芝汽车空调有限公司~0.03 0.21 0.21 0.12 0.12 0.09 0.09 0.0 0.0 0.15 
上海松芝轨道车辆空调有限公司~0.03 0.21 0.21 0.12 0.12 0.09 0.09 0.0 0.0 0.15 
上海酷风汽车部件有限公司~0.03 0.21 0.21 0.12 0.12 0.09 0.09 0.0 0.0 0.15 
北京松芝福田汽车空调有限公司~0.03 0.21 0.21 0.12 0.12 0.09 0.09 0.0 0.0 0.15 
南京博士朗电子技术有限公司~0.03 0.21 0.21 0.12 0.12 0.09 0.09 0.0 0.0 0.15 
厦门松芝汽车空调有限公司~0.03 0.21 0.21 0.12 0.12 0.09 0.09 0.0 0.0 0.15 
合肥松芝制冷设备有限公司~0.03 0.21 0.21 0.12 0.12 0.09 0.09 0.0 0.0 0.15 
安徽松芝汽车部件有限公司~0.03 0.21 0.21 0.12 0.12 0.09 0.09 0.0 0.0 0.15 
安徽江淮松芝空调有限公司~0.03 0.21 0.21 0.12 0.12 0.09 0.09 0.0 0.0 0.15 
柳州松芝汽车空调有限公司~0.03 0.21 0.21 0.12 0.12 0.09 0.09 0.0 0.0 0.15 
武汉松芝车用空调有限公司~0.03 0.21 0.21 0.12 0.12 0.09 0.09 0.0 0.0 0.15 
超酷（上海）制冷设备有限公司~0.03 0.21 0.21 0.12 0.12 0.09 0.09 0.0 0.0 0.15 
重庆松芝汽车空调有限公司~0.03 0.21 0.21 0.12 0.12 0.09 0.09 0.0 0.0 0.15 
上海汽车集团股份有限公司(:)
上汽大通无锡制造基地~0.37 0.37 0.0 0.0 0.0 0.0 0.0 0.0 0.0 0.26 
上汽财务~0.03 0.21 0.21 0.12 0.12 0.09 0.09 0.0 0.0 0.15 
上汽通用武汉北厂~0.37 0.37 0.0 0.0 0.0 0.0 0.0 0.0 0.0 0.26 
上汽通用金桥扩能~0.37 0.37 0.0 0.0 0.0 0.0 0.0 0.0 0.0 0.26 
上海海顺新型药用包装材料股份有限公司(:)
上海海顺医用新材料有限公司~0.03 0.21 0.21 0.12 0.12 0.09 0.09 0.0 0.0 0.15 
功能性冷成型复合硬片~0.23 0.23 0.12 0.12 0.12 0.09 0.0 0.0 0.0 0.09 
吸塑包装膜~0.08 0.14 0.14 0.11 0.11 0.1 0.09 0.08 0.08 0.06 
抗菌自洁净材料~0.08 0.14 0.14 0.11 0.11 0.1 0.09 0.08 0.08 0.06 
苏州海顺包装材料有限公司~0.03 0.21 0.21 0.12 0.12 0.09 0.09 0.0 0.0 0.15 
上海钢联电子商务股份有限公司(:)
上海金意电子商务有限公司~0.03 0.21 0.21 0.12 0.12 0.09 0.09 0.0 0.0 0.15 
上海钢联资讯科技有限公司~0.03 0.21 0.21 0.12 0.12 0.09 0.09 0.0 0.0 0.15 
上海钢联金属矿产国际交易中心有限公司~0.03 0.21 0.21 0.12 0.12 0.09 0.09 0.0 0.0 0.15 
上海钢银电子商务股份有限公司~0.03 0.21 0.21 0.12 0.12 0.09 0.09 0.0 0.0 0.15 
上海领建网络有限公司~0.03 0.21 0.21 0.12 0.12 0.09 0.09 0.0 0.0 0.15 
北京钢联麦迪电子商务有限公司~0.03 0.21 0.21 0.12 0.12 0.09 0.09 0.0 0.0 0.15 
天津钢银电子商务有限公司~0.03 0.21 0.21 0.12 0.12 0.09 0.09 0.0 0.0 0.15 
无锡钢联电商务有限公司~0.03 0.21 0.21 0.12 0.12 0.09 0.09 0.0 0.0 0.15 
东方电子股份有限公司(:)
东方电子印度有限公司~0.03 0.21 0.21 0.12 0.12 0.09 0.09 0.0 0.0 0.15 
北京东方京海电子科技有限公司~0.03 0.21 0.21 0.12 0.12 0.09 0.09 0.0 0.0 0.15 
北京智芯微~0.06 0.15 0.13 0.11 0.1 0.1 0.09 0.08 0.06 0.11 
南京世纪东方电子有限公司~0.03 0.21 0.21 0.12 0.12 0.09 0.09 0.0 0.0 0.15 
广州东方电科自动化有限公司~0.03 0.21 0.21 0.12 0.12 0.09 0.09 0.0 0.0 0.15 
惠力诚仪表公司~0.06 0.15 0.13 0.11 0.1 0.1 0.09 0.08 0.06 0.11 
欧珑电气公司~0.06 0.15 0.13 0.11 0.1 0.1 0.09 0.08 0.06 0.11 
烟台东方华瑞电气有限公司~0.03 0.21 0.21 0.12 0.12 0.09 0.09 0.0 0.0 0.15 
烟台东方威思顿电气有限公司~0.03 0.21 0.21 0.12 0.12 0.09 0.09 0.0 0.0 0.15 
烟台东方威智电子科技有限公司~0.03 0.21 0.21 0.12 0.12 0.09 0.09 0.0 0.0 0.15 
烟台东方电子科技发展有限公司~0.03 0.21 0.21 0.12 0.12 0.09 0.09 0.0 0.0 0.15 
烟台东方科技环保节能有限公司~0.03 0.21 0.21 0.12 0.12 0.09 0.09 0.0 0.0 0.15 
烟台东方纵横电子有限责任公司~0.03 0.21 0.21 0.12 0.12 0.09 0.09 0.0 0.0 0.15 
瑞创达公司~0.06 0.15 0.13 0.11 0.1 0.1 0.09 0.08 0.06 0.11 
飞羚电气有限公司~0.06 0.15 0.13 0.11 0.1 0.1 0.09 0.08 0.06 0.11 
龙口东立电线电缆有限公司~0.03 0.21 0.21 0.12 0.12 0.09 0.09 0.0 0.0 0.15 
东风汽车股份有限公司(:)
东风襄阳旅行车有限公司~0.04 0.2 0.14 0.1 0.1 0.1 0.07 0.07 0.06 0.13 
康明斯公司~0.21 0.12 0.11 0.09 0.09 0.09 0.08 0.08 0.0 0.13 
九州通医药集团股份有限公司(:)
三明鸿福医药有限公司~0.22 0.5 0.0 0.0 0.0 0.0 0.0 0.0 0.0 0.29 
上海九州通医疗器械有限公司~0.22 0.5 0.0 0.0 0.0 0.0 0.0 0.0 0.0 0.29 
上海九州通医药有限公司~0.03 0.21 0.21 0.12 0.12 0.09 0.09 0.0 0.0 0.15 
九州天润中药产业有限公司~0.22 0.5 0.0 0.0 0.0 0.0 0.0 0.0 0.0 0.29 
九州通中药材电子商务综合服务平~0.25 0.57 0.0 0.0 0.0 0.0 0.0 0.0 0.0 0.18 
九州通医疗器械集团有限公司~0.03 0.21 0.21 0.12 0.12 0.09 0.09 0.0 0.0 0.15 
兰州九州通医药有限公司~0.03 0.21 0.21 0.12 0.12 0.09 0.09 0.0 0.0 0.15 
内蒙古九州通医疗器械有限公司~0.22 0.5 0.0 0.0 0.0 0.0 0.0 0.0 0.0 0.29 
利德曼~0.22 0.5 0.0 0.0 0.0 0.0 0.0 0.0 0.0 0.29 
北京九州通医疗器械有限公司~0.22 0.5 0.0 0.0 0.0 0.0 0.0 0.0 0.0 0.29 
北京九州通医药有限公司~0.03 0.21 0.21 0.12 0.12 0.09 0.09 0.0 0.0 0.15 
大连九州通医药有限公司~0.22 0.5 0.0 0.0 0.0 0.0 0.0 0.0 0.0 0.29 
宁德九州通医药有限公司~0.22 0.5 0.0 0.0 0.0 0.0 0.0 0.0 0.0 0.29 
安徽九州通医药有限公司~0.03 0.21 0.21 0.12 0.12 0.09 0.09 0.0 0.0 0.15 
山东九州坤泰医药有限公司~0.22 0.5 0.0 0.0 0.0 0.0 0.0 0.0 0.0 0.29 
山东九州通医药有限公司~0.03 0.21 0.21 0.12 0.12 0.09 0.09 0.0 0.0 0.15 
山东柯尼兹医疗器械有限公司~0.22 0.5 0.0 0.0 0.0 0.0 0.0 0.0 0.0 0.29 
山西九州通医药有限公司~0.22 0.5 0.0 0.0 0.0 0.0 0.0 0.0 0.0 0.29 
山西省太原药材有限公司~0.22 0.5 0.0 0.0 0.0 0.0 0.0 0.0 0.0 0.29 
广东九州通医药有限公司~0.03 0.21 0.21 0.12 0.12 0.09 0.09 0.0 0.0 0.15 
广西九州通医疗器械有限公司~0.22 0.5 0.0 0.0 0.0 0.0 0.0 0.0 0.0 0.29 
广西九州通医药有限公司~0.03 0.21 0.21 0.12 0.12 0.09 0.09 0.0 0.0 0.15 
应交税费~0.22 0.5 0.0 0.0 0.0 0.0 0.0 0.0 0.0 0.29 
新疆九州通医药有限公司~0.03 0.21 0.21 0.12 0.12 0.09 0.09 0.0 0.0 0.15 
新疆普惠医疗器械有限公司~0.22 0.5 0.0 0.0 0.0 0.0 0.0 0.0 0.0 0.29 
武汉农村商业银行股份有限公司~0.22 0.5 0.0 0.0 0.0 0.0 0.0 0.0 0.0 0.29 
江苏九州通医疗器械有限公司~0.22 0.5 0.0 0.0 0.0 0.0 0.0 0.0 0.0 0.29 
江苏九州通医药有限公司~0.03 0.21 0.21 0.12 0.12 0.09 0.09 0.0 0.0 0.15 
江西九州通药业有限公司~0.22 0.5 0.0 0.0 0.0 0.0 0.0 0.0 0.0 0.29 
江西盈辉实业发展有限公司~0.22 0.5 0.0 0.0 0.0 0.0 0.0 0.0 0.0 0.29 
河南九州通医疗器械有限公司~0.22 0.5 0.0 0.0 0.0 0.0 0.0 0.0 0.0 0.29 
河南九州通医药有限公司~0.03 0.21 0.21 0.12 0.12 0.09 0.09 0.0 0.0 0.15 
浙江九州通医疗器械有限公司~0.22 0.5 0.0 0.0 0.0 0.0 0.0 0.0 0.0 0.29 
淮安九州通医药有限公司~0.22 0.5 0.0 0.0 0.0 0.0 0.0 0.0 0.0 0.29 
湖北九州通健康产业有限公司~0.22 0.5 0.0 0.0 0.0 0.0 0.0 0.0 0.0 0.29 
甘肃九州天润中药产业有限公司~0.22 0.5 0.0 0.0 0.0 0.0 0.0 0.0 0.0 0.29 
甘肃岷县永康泰中药材有限公司~0.22 0.5 0.0 0.0 0.0 0.0 0.0 0.0 0.0 0.29 
福建九州通医疗器械有限公司~0.22 0.5 0.0 0.0 0.0 0.0 0.0 0.0 0.0 0.29 
福建九州通医药有限公司~0.22 0.5 0.0 0.0 0.0 0.0 0.0 0.0 0.0 0.29 
福建省屏南县大兴医药有限公司~0.22 0.5 0.0 0.0 0.0 0.0 0.0 0.0 0.0 0.29 
菏泽九州通医药有限公司~0.22 0.5 0.0 0.0 0.0 0.0 0.0 0.0 0.0 0.29 
西安九州通医药有限公司~0.22 0.5 0.0 0.0 0.0 0.0 0.0 0.0 0.0 0.29 
西藏三通医药科技有限公司~0.03 0.21 0.21 0.12 0.12 0.09 0.09 0.0 0.0 0.15 
辽宁九州通医疗器械有限公司~0.22 0.5 0.0 0.0 0.0 0.0 0.0 0.0 0.0 0.29 
辽宁九州通医药有限公司~0.03 0.21 0.21 0.12 0.12 0.09 0.09 0.0 0.0 0.15 
重庆九州通医疗器械有限公司~0.22 0.5 0.0 0.0 0.0 0.0 0.0 0.0 0.0 0.29 
重庆九州通医药有限公司~0.03 0.21 0.21 0.12 0.12 0.09 0.09 0.0 0.0 0.15 
长春九州通医药有限公司~0.03 0.21 0.21 0.12 0.12 0.09 0.09 0.0 0.0 0.15 
黑龙江九州通医药有限公司~0.03 0.21 0.21 0.12 0.12 0.09 0.09 0.0 0.0 0.15 
云南南天电子信息产业股份有限公司(:)
上海南天电脑系统有限公司~0.03 0.21 0.21 0.12 0.12 0.09 0.09 0.0 0.0 0.15 
云南东盟公共物流信息有限公司~0.03 0.21 0.21 0.12 0.12 0.09 0.09 0.0 0.0 0.15 
云南佳程防科技有限公司~0.03 0.21 0.21 0.12 0.12 0.09 0.09 0.0 0.0 0.15 
云南医药工业股份有限公司~0.03 0.21 0.21 0.12 0.12 0.09 0.09 0.0 0.0 0.15 
云南南天信息设备有限公司~0.03 0.21 0.21 0.12 0.12 0.09 0.09 0.0 0.0 0.15 
北京南天信息工程有限公司~0.03 0.21 0.21 0.12 0.12 0.09 0.09 0.0 0.0 0.15 
北京南天软件有限公司~0.03 0.21 0.21 0.12 0.12 0.09 0.09 0.0 0.0 0.15 
富滇银行股份有限公司~0.03 0.21 0.21 0.12 0.12 0.09 0.09 0.0 0.0 0.15 
广州南天电脑系统有限公司~0.03 0.21 0.21 0.12 0.12 0.09 0.09 0.0 0.0 0.15 
昆明南天电脑系统有限公司~0.03 0.21 0.21 0.12 0.12 0.09 0.09 0.0 0.0 0.15 
武汉南天电脑系统有限公司~0.03 0.21 0.21 0.12 0.12 0.09 0.09 0.0 0.0 0.15 
深圳南天东华科技有限公司~0.03 0.21 0.21 0.12 0.12 0.09 0.09 0.0 0.0 0.15 
盈富泰克创业投资有限公司~0.03 0.21 0.21 0.12 0.12 0.09 0.09 0.0 0.0 0.15 
西安南天电脑系统有限公司~0.03 0.21 0.21 0.12 0.12 0.09 0.09 0.0 0.0 0.15 
重庆南天数据资讯服务有限公司~0.03 0.21 0.21 0.12 0.12 0.09 0.09 0.0 0.0 0.15 
仁和药业股份有限公司(:)
http://w~0.25 0.57 0.0 0.0 0.0 0.0 0.0 0.0 0.0 0.18 
北京欧尚聚创科技有限公司~0.22 0.5 0.0 0.0 0.0 0.0 0.0 0.0 0.0 0.29 
吉安三力~0.03 0.21 0.21 0.12 0.12 0.09 0.09 0.0 0.0 0.15 
广东叮当医药有限公司~0.22 0.5 0.0 0.0 0.0 0.0 0.0 0.0 0.0 0.29 
康美医药~0.03 0.21 0.21 0.12 0.12 0.09 0.09 0.0 0.0 0.15 
江西中进药业有限公司~0.22 0.5 0.0 0.0 0.0 0.0 0.0 0.0 0.0 0.29 
江西仁和堂医药连锁有限公司~0.22 0.5 0.0 0.0 0.0 0.0 0.0 0.0 0.0 0.29 
江西和力物联实业有限公司~0.22 0.5 0.0 0.0 0.0 0.0 0.0 0.0 0.0 0.29 
江西正方医药有限公司~0.22 0.5 0.0 0.0 0.0 0.0 0.0 0.0 0.0 0.29 
江西药都养生发展有限公司~0.22 0.5 0.0 0.0 0.0 0.0 0.0 0.0 0.0 0.29 
浙江叮当医药有限公司~0.22 0.5 0.0 0.0 0.0 0.0 0.0 0.0 0.0 0.29 
药用塑胶~0.03 0.21 0.21 0.12 0.12 0.09 0.09 0.0 0.0 0.15 
药都仁和~0.03 0.21 0.21 0.12 0.12 0.09 0.09 0.0 0.0 0.15 
铜鼓仁和~0.03 0.21 0.21 0.12 0.12 0.09 0.09 0.0 0.0 0.15 
闪亮制药~0.03 0.21 0.21 0.12 0.12 0.09 0.09 0.0 0.0 0.15 
内蒙古北方重型汽车股份有限公司(:)
特雷克斯北方采矿机械有限公司~0.21 0.21 0.12 0.12 0.09 0.09 0.0 0.0 0.0 0.15 
北京北陆药业股份有限公司(:)
阿戈美拉汀~0.1 0.16 0.16 0.16 0.16 0.16 0.0 0.0 0.0 0.08 
北京双鹭药业股份有限公司(:)
PNUVAX SL BIOPHARMACEUTICALS INC~0.03 0.21 0.21 0.12 0.12 0.09 0.09 0.0 0.0 0.15 
北京双鹭生物技术有限公司~0.03 0.21 0.21 0.12 0.12 0.09 0.09 0.0 0.0 0.15 
北京双鹭立生医药科技有限公司~0.03 0.21 0.21 0.12 0.12 0.09 0.09 0.0 0.0 0.15 
北京欧宁药店有限公司~0.03 0.21 0.21 0.12 0.12 0.09 0.09 0.0 0.0 0.15 
新乡双鹭药业有限公司~0.03 0.21 0.21 0.12 0.12 0.09 0.09 0.0 0.0 0.15 
沈阳迈迪生物医学技术有限公司~0.03 0.21 0.21 0.12 0.12 0.09 0.09 0.0 0.0 0.15 
辽宁壹加壹生物科技有限公司~0.03 0.21 0.21 0.12 0.12 0.09 0.09 0.0 0.0 0.15 
辽宁迈迪生物科技有限公司~0.03 0.21 0.21 0.12 0.12 0.09 0.09 0.0 0.0 0.15 
北京电子城投资开发股份有限公司(:)
朔州电子城~0.03 0.21 0.21 0.12 0.12 0.09 0.09 0.0 0.0 0.15 
北大医药股份有限公司(:)
上海方正拓康贸易有限公司~0.03 0.21 0.21 0.12 0.12 0.09 0.09 0.0 0.0 0.15 
中国银行~0.22 0.5 0.0 0.0 0.0 0.0 0.0 0.0 0.0 0.29 
北京北医医药有限公司~0.03 0.21 0.21 0.12 0.12 0.09 0.09 0.0 0.0 0.15 
北大医药重庆大新药业股份有限公司~0.03 0.21 0.21 0.12 0.12 0.09 0.09 0.0 0.0 0.15 
北碚支行~0.22 0.5 0.0 0.0 0.0 0.0 0.0 0.0 0.0 0.29 
重庆和生药业有限公司~0.03 0.24 0.24 0.14 0.14 0.1 0.1 0.0 0.0 0.0 
重庆方鑫精细化工有限公司~0.03 0.21 0.21 0.12 0.12 0.09 0.09 0.0 0.0 0.15 
重庆西南合成制药有限公司~0.03 0.21 0.21 0.12 0.12 0.09 0.09 0.0 0.0 0.15 
北汽福田汽车股份有限公司(:)
 Foton Automobile (thailand) Co.Ltd ~0.03 0.21 0.21 0.12 0.12 0.09 0.09 0.0 0.0 0.15 
 北汽福田（香港）有限公司~0.03 0.21 0.21 0.12 0.12 0.09 0.09 0.0 0.0 0.15 
佛山汽车厂建设项目~0.03 0.22 0.22 0.13 0.13 0.09 0.09 0.0 0.0 0.09 
北京中车信融汽车租赁有限公司~0.03 0.21 0.21 0.12 0.12 0.09 0.09 0.0 0.0 0.15 
北京多功能汽车厂~0.22 0.5 0.0 0.0 0.0 0.0 0.0 0.0 0.0 0.29 
北京欧辉客车分公司~0.22 0.5 0.0 0.0 0.0 0.0 0.0 0.0 0.0 0.29 
北京银达信融资担保有限责任公司~0.03 0.21 0.21 0.12 0.12 0.09 0.09 0.0 0.0 0.15 
南海汽车厂~0.22 0.5 0.0 0.0 0.0 0.0 0.0 0.0 0.0 0.29 
奥铃发动机项目~0.03 0.22 0.22 0.13 0.13 0.09 0.09 0.0 0.0 0.09 
宣化福田雷萨泵送机械厂~0.22 0.5 0.0 0.0 0.0 0.0 0.0 0.0 0.0 0.29 
山东多功能汽车厂~0.22 0.5 0.0 0.0 0.0 0.0 0.0 0.0 0.0 0.29 
怀柔重型机械工厂~0.22 0.5 0.0 0.0 0.0 0.0 0.0 0.0 0.0 0.29 
欧曼一工厂~0.22 0.5 0.0 0.0 0.0 0.0 0.0 0.0 0.0 0.29 
欧曼二工厂~0.22 0.5 0.0 0.0 0.0 0.0 0.0 0.0 0.0 0.29 
河北北汽福田汽车部件有限公司~0.03 0.21 0.21 0.12 0.12 0.09 0.09 0.0 0.0 0.15 
福田铸造中心项目~0.03 0.22 0.22 0.13 0.13 0.09 0.09 0.0 0.0 0.09 
诸城中高端卡车项目~0.03 0.22 0.22 0.13 0.13 0.09 0.09 0.0 0.0 0.09 
诸城奥铃汽车厂~0.22 0.5 0.0 0.0 0.0 0.0 0.0 0.0 0.0 0.29 
诸城汽车厂~0.22 0.5 0.0 0.0 0.0 0.0 0.0 0.0 0.0 0.29 
长沙汽车厂~0.22 0.5 0.0 0.0 0.0 0.0 0.0 0.0 0.0 0.29 
华仁药业股份有限公司(:)
台州市黄岩同创贸易有限公司~0.06 0.15 0.13 0.11 0.1 0.1 0.09 0.08 0.06 0.11 
大连维达医药有限公司~0.05 0.15 0.13 0.11 0.11 0.1 0.1 0.07 0.05 0.11 
山东瑞康医药股份有限公司~0.05 0.15 0.13 0.11 0.11 0.1 0.1 0.07 0.05 0.11 
广东大翔药业有限公司~0.05 0.15 0.13 0.11 0.11 0.1 0.1 0.07 0.05 0.11 
杭州新光塑料有限公司~0.06 0.15 0.13 0.11 0.1 0.1 0.09 0.08 0.06 0.11 
武汉阳光医药有限公司~0.05 0.15 0.13 0.11 0.11 0.1 0.1 0.07 0.05 0.11 
烟台华正医疗器械科技有限公司~0.06 0.15 0.13 0.11 0.1 0.1 0.09 0.08 0.06 0.11 
辽宁万隆医药有限公司~0.05 0.15 0.13 0.11 0.11 0.1 0.1 0.07 0.05 0.11 
雷诺丽特朗活医药耗材（北京）有限公司~0.06 0.15 0.13 0.11 0.1 0.1 0.09 0.08 0.06 0.11 
青岛济丰包装纸业有限公司~0.06 0.15 0.13 0.11 0.1 0.1 0.09 0.08 0.06 0.11 
华润双鹤药业股份有限公司(:)
《关于改革药品医疗器械审评审批制度的意见》~0.08 0.14 0.13 0.11 0.11 0.1 0.09 0.09 0.09 0.06 
依折麦布片~0.22 0.22 0.22 0.22 0.0 0.0 0.0 0.0 0.0 0.1 
安徽双鹤~0.03 0.21 0.21 0.12 0.12 0.09 0.09 0.0 0.0 0.15 
拉呋替丁~0.09 0.14 0.13 0.12 0.11 0.09 0.09 0.09 0.08 0.06 
注射用哌拉西林钠舒巴坦钠~0.42 0.42 0.0 0.0 0.0 0.0 0.0 0.0 0.0 0.16 
溴夫定原料药~0.22 0.22 0.22 0.22 0.0 0.0 0.0 0.0 0.0 0.1 
甲磺酸左氧氟~0.09 0.14 0.13 0.12 0.11 0.09 0.09 0.09 0.08 0.06 
盐酸氨溴索注射液~0.22 0.22 0.22 0.22 0.0 0.0 0.0 0.0 0.0 0.1 
硫普罗宁注射液~0.22 0.22 0.22 0.22 0.0 0.0 0.0 0.0 0.0 0.1 
雷美替胺及片~0.22 0.22 0.22 0.22 0.0 0.0 0.0 0.0 0.0 0.1 
华菱星马汽车（集团）股份有限公司(:)
天津星马汽车有限公司~0.63 0.0 0.0 0.0 0.0 0.0 0.0 0.0 0.0 0.37 
安徽华菱汽车有限公司~0.63 0.0 0.0 0.0 0.0 0.0 0.0 0.0 0.0 0.37 
安徽星马专用汽车有限公~0.63 0.0 0.0 0.0 0.0 0.0 0.0 0.0 0.0 0.37 
徽融租赁~0.03 0.21 0.21 0.12 0.12 0.09 0.09 0.0 0.0 0.15 
星马专汽~0.03 0.21 0.21 0.12 0.12 0.09 0.09 0.0 0.0 0.15 
湖南星马汽车有限公司~0.63 0.0 0.0 0.0 0.0 0.0 0.0 0.0 0.0 0.37 
福瑞投资~0.03 0.21 0.21 0.12 0.12 0.09 0.09 0.0 0.0 0.15 
芜湖福马~0.03 0.21 0.21 0.12 0.12 0.09 0.09 0.0 0.0 0.15 
南京医药股份有限公司(:)
上海医药分销控股有限公司~0.06 0.17 0.13 0.11 0.11 0.09 0.08 0.08 0.07 0.11 
中健之康供应链服务有限责任公司~0.05 0.15 0.13 0.11 0.11 0.1 0.1 0.07 0.06 0.11 
中新药业~0.03 0.21 0.21 0.12 0.12 0.09 0.09 0.0 0.0 0.15 
交通银行~0.03 0.21 0.21 0.12 0.12 0.09 0.09 0.0 0.0 0.15 
华东医药~0.03 0.21 0.21 0.12 0.12 0.09 0.09 0.0 0.0 0.15 
华润广东医药有限公司~0.06 0.17 0.13 0.11 0.11 0.09 0.08 0.08 0.07 0.11 
南京医药国药有限公司~0.03 0.21 0.21 0.12 0.12 0.09 0.09 0.0 0.0 0.15 
南京医药湖北有限公司~0.03 0.21 0.21 0.12 0.12 0.09 0.09 0.0 0.0 0.15 
南京医药药事服务有限公司~0.03 0.21 0.21 0.12 0.12 0.09 0.09 0.0 0.0 0.15 
南京医药（淮安）天颐有限公司~0.03 0.21 0.21 0.12 0.12 0.09 0.09 0.0 0.0 0.15 
南京市鼓楼医院~0.06 0.17 0.14 0.13 0.12 0.11 0.11 0.08 0.07 0.02 
南京药业股份有限公司~0.03 0.21 0.21 0.12 0.12 0.09 0.09 0.0 0.0 0.15 
南京证券股份~0.03 0.21 0.21 0.12 0.12 0.09 0.09 0.0 0.0 0.15 
国药控股分销中心有限公司~0.06 0.17 0.13 0.11 0.11 0.09 0.08 0.08 0.07 0.11 
宁沪高速~0.03 0.21 0.21 0.12 0.12 0.09 0.09 0.0 0.0 0.15 
安徽天星医药集团~0.03 0.21 0.21 0.12 0.12 0.09 0.09 0.0 0.0 0.15 
拜耳医药保健有限公司~0.06 0.17 0.13 0.11 0.11 0.09 0.08 0.08 0.07 0.11 
江苏华晓医药物流有限公司~0.03 0.21 0.21 0.12 0.12 0.09 0.09 0.0 0.0 0.15 
江苏省人民医院~0.06 0.17 0.14 0.13 0.12 0.11 0.11 0.08 0.07 0.02 
福建同春药业股份有限公司~0.03 0.21 0.21 0.12 0.12 0.09 0.09 0.0 0.0 0.15 
阿斯利康（无锡）贸易有限公司~0.06 0.17 0.13 0.11 0.11 0.09 0.08 0.08 0.07 0.11 
南华生物医药股份有限公司(:)
北京博文杨子文化发展有限公司~0.06 0.15 0.13 0.11 0.1 0.1 0.09 0.08 0.06 0.11 
北京宝德鑫源彩色印刷设计有限公司~0.06 0.15 0.13 0.11 0.1 0.1 0.09 0.08 0.06 0.11 
北京赛迪经纬文化传播有限公司~0.03 0.21 0.21 0.12 0.12 0.09 0.09 0.0 0.0 0.15 
北京青年报现代物流有限公司~0.06 0.15 0.13 0.11 0.1 0.1 0.09 0.08 0.06 0.11 
威图电子机械技术上海有限公司~0.05 0.15 0.13 0.11 0.11 0.1 0.1 0.07 0.05 0.11 
小森印刷（北京）有限公司~0.06 0.15 0.13 0.11 0.1 0.1 0.09 0.08 0.06 0.11 
惠普(中国)有限公司~0.05 0.15 0.13 0.11 0.11 0.1 0.1 0.07 0.05 0.11 
日电（中国）有限公司~0.05 0.15 0.13 0.11 0.11 0.1 0.1 0.07 0.05 0.11 
江西幸福里国际养生管理有限公司~0.05 0.15 0.13 0.11 0.11 0.1 0.1 0.07 0.05 0.11 
浪潮电子信息产业股份有限公司~0.05 0.15 0.13 0.11 0.11 0.1 0.1 0.07 0.05 0.11 
经济日报社印刷厂~0.06 0.15 0.13 0.11 0.1 0.1 0.09 0.08 0.06 0.11 
博敏电子股份有限公司(:)
厦门金龙汽车集团股份有限公司(:)
苏州金龙~0.63 0.0 0.0 0.0 0.0 0.0 0.0 0.0 0.0 0.37 
金龙旅行车~0.75 0.0 0.0 0.0 0.0 0.0 0.0 0.0 0.0 0.25 
吉林华微电子股份有限公司(:)
吉林紫鑫药业股份有限公司(:)
吉林中科紫鑫科技有限公司~0.03 0.21 0.21 0.12 0.12 0.09 0.09 0.0 0.0 0.15 
吉林紫鑫人参销售有限公司~0.03 0.21 0.21 0.12 0.12 0.09 0.09 0.0 0.0 0.15 
吉林紫鑫初元药业有限公司~0.03 0.21 0.21 0.12 0.12 0.09 0.09 0.0 0.0 0.15 
吉林紫鑫敦化医药药材有限公司~0.03 0.21 0.21 0.12 0.12 0.09 0.09 0.0 0.0 0.15 
吉林紫鑫禺拙药业有限公司~0.03 0.21 0.21 0.12 0.12 0.09 0.09 0.0 0.0 0.15 
吉林紫鑫红石种养殖有限公司~0.03 0.21 0.21 0.12 0.12 0.09 0.09 0.0 0.0 0.15 
吉林紫鑫般若药业有限公司~0.03 0.21 0.21 0.12 0.12 0.09 0.09 0.0 0.0 0.15 
柳河医~0.19 0.39 0.39 0.0 0.0 0.0 0.0 0.0 0.0 0.04 
同方国芯电子股份有限公司(:)
哈尔滨东安汽车动力股份有限公司(:)
哈尔滨东安力源活塞有限责任公司~0.16 0.14 0.11 0.1 0.1 0.1 0.1 0.09 0.0 0.11 
哈尔滨东安华孚机械制造有限公司~0.16 0.14 0.11 0.1 0.1 0.1 0.1 0.09 0.0 0.11 
哈尔滨威帝电子股份有限公司(:)
哈尔滨誉衡药业股份有限公司(:)
吉林省靶向生物医药科技有限公司~0.03 0.21 0.21 0.12 0.12 0.09 0.09 0.0 0.0 0.15 
杭州药享售投资管理有限公司~0.03 0.21 0.21 0.12 0.12 0.09 0.09 0.0 0.0 0.15 
深圳誉衡投资有限公司~0.03 0.21 0.21 0.12 0.12 0.09 0.09 0.0 0.0 0.15 
誉衡基因生物科技（深圳）有限公司~0.03 0.21 0.21 0.12 0.12 0.09 0.09 0.0 0.0 0.15 
誉衡基石（深圳）基金管理有限公司~0.03 0.21 0.21 0.12 0.12 0.09 0.09 0.0 0.0 0.15 
嘉事堂药业股份有限公司(:)
北京嘉事堂~0.03 0.21 0.21 0.12 0.12 0.09 0.09 0.0 0.0 0.15 
北京嘉事宏~0.03 0.21 0.21 0.12 0.12 0.09 0.09 0.0 0.0 0.15 
北京嘉和嘉~0.03 0.21 0.21 0.12 0.12 0.09 0.09 0.0 0.0 0.15 
深圳嘉事康~0.03 0.21 0.21 0.12 0.12 0.09 0.09 0.0 0.0 0.15 
辽宁嘉事堂~0.03 0.21 0.21 0.12 0.12 0.09 0.09 0.0 0.0 0.15 
顺和医疗器~0.03 0.21 0.21 0.12 0.12 0.09 0.09 0.0 0.0 0.15 
四川金宇汽车城(集团)股份有限公司(:)
南充诺亚方舟商贸管理有限公司~0.03 0.21 0.21 0.12 0.12 0.09 0.09 0.0 0.0 0.15 
南充金宇房地产开发有限公司~0.03 0.21 0.21 0.12 0.12 0.09 0.09 0.0 0.0 0.15 
南充金盛商业有限公司~0.06 0.15 0.13 0.11 0.1 0.1 0.09 0.08 0.06 0.11 
四川中继汽车贸易有限公司~0.03 0.21 0.21 0.12 0.12 0.09 0.09 0.0 0.0 0.15 
四川新立新进出口有限公司~0.05 0.15 0.13 0.11 0.11 0.1 0.1 0.07 0.05 0.11 
四川绮香纱丝业有限公司~0.06 0.15 0.13 0.11 0.1 0.1 0.09 0.08 0.06 0.11 
四川美亚丝绸有限公司~0.03 0.21 0.21 0.12 0.12 0.09 0.09 0.0 0.0 0.15 
成都中连汽车销售有限公司~0.06 0.15 0.13 0.11 0.1 0.1 0.09 0.08 0.06 0.11 
成都吉翔汽车贸易有限公司~0.06 0.15 0.13 0.11 0.1 0.1 0.09 0.08 0.06 0.11 
杭州苏拉奇有限公司~0.05 0.15 0.13 0.11 0.11 0.1 0.1 0.07 0.05 0.11 
浙江凯喜雅同创进出口有限公司~0.05 0.15 0.13 0.11 0.11 0.1 0.1 0.07 0.05 0.11 
浙江凯喜雅国际股份有限公司~0.05 0.15 0.13 0.11 0.11 0.1 0.1 0.07 0.05 0.11 
重庆恒进源茧丝绸有限公司~0.06 0.15 0.13 0.11 0.1 0.1 0.09 0.08 0.06 0.11 
青海德瑞纺织口有限公司~0.05 0.15 0.13 0.11 0.11 0.1 0.1 0.07 0.05 0.11 
国机汽车股份有限公司(:)
中进汽贸服务有限公司~0.03 0.21 0.21 0.12 0.12 0.09 0.09 0.0 0.0 0.15 
天津九安医疗电子股份有限公司(:)
iHealth Inc.~0.03 0.21 0.21 0.12 0.12 0.09 0.09 0.0 0.0 0.15 
柯顿（天津）电子医疗器械有限公司~0.03 0.21 0.21 0.12 0.12 0.09 0.09 0.0 0.0 0.15 
好利来（中国）电子科技股份有限公司(:)
厦门好利来电子电器有限公司~0.03 0.21 0.21 0.12 0.12 0.09 0.09 0.0 0.0 0.15 
好利来有限公司~0.03 0.21 0.21 0.12 0.12 0.09 0.09 0.0 0.0 0.15 
宁波华翔电子股份有限公司(:)
 BMW AG ~0.05 0.15 0.13 0.11 0.11 0.1 0.1 0.07 0.05 0.11 
Sellner~0.25 0.57 0.0 0.0 0.0 0.0 0.0 0.0 0.0 0.18 
一汽轿车股份有限公司~0.05 0.15 0.13 0.11 0.11 0.1 0.1 0.07 0.05 0.11 
一汽－大众汽车有限公司~0.05 0.15 0.13 0.11 0.11 0.1 0.1 0.07 0.05 0.11 
上汽大众汽车有限公司~0.05 0.15 0.13 0.11 0.11 0.1 0.1 0.07 0.05 0.11 
上海国利汽车真皮饰件有限公司~0.06 0.15 0.13 0.11 0.1 0.1 0.09 0.08 0.06 0.11 
上海联晟汽车配套服务有限公司~0.05 0.15 0.13 0.11 0.11 0.1 0.1 0.07 0.05 0.11 
宁波安通林华翔汽车零部件有限公司~0.03 0.21 0.21 0.12 0.12 0.09 0.09 0.0 0.0 0.15 
宁波帅特龙集团有限公司~0.06 0.15 0.13 0.11 0.1 0.1 0.09 0.08 0.06 0.11 
宁波胜维德赫华翔汽车镜有限公司~0.03 0.21 0.21 0.12 0.12 0.09 0.09 0.0 0.0 0.15 
宁波诗兰姆汽车零部件有限公司~0.03 0.21 0.21 0.12 0.12 0.09 0.09 0.0 0.0 0.15 
德国华翔汽车零部件系统公司~0.03 0.21 0.21 0.12 0.12 0.09 0.09 0.0 0.0 0.15 
成都众凯汽车零部件制造有限公司~0.06 0.15 0.13 0.11 0.1 0.1 0.09 0.08 0.06 0.11 
扬州安通林华翔汽车零部件有限公司~0.03 0.21 0.21 0.12 0.12 0.09 0.09 0.0 0.0 0.15 
长春佛吉亚排气系统有限公司~0.06 0.15 0.13 0.11 0.1 0.1 0.09 0.08 0.06 0.11 
长春华翔轿车消声器有限责任公司~0.03 0.21 0.21 0.12 0.12 0.09 0.09 0.0 0.0 0.15 
宁波双林汽车部件股份有限公司(:)
鑫城汽配~0.03 0.21 0.21 0.12 0.12 0.09 0.09 0.0 0.0 0.15 
宁波均胜电子股份有限公司(:)
上海均胜奔源汽车零部件有限公司~0.03 0.21 0.21 0.12 0.12 0.09 0.09 0.0 0.0 0.15 
宁波均胜汽车电子股份有限公司~0.03 0.21 0.21 0.12 0.12 0.09 0.09 0.0 0.0 0.15 
德国普瑞控股有限公司~0.03 0.21 0.21 0.12 0.12 0.09 0.09 0.0 0.0 0.15 
长春均胜汽车零部件有限公司~0.03 0.21 0.21 0.12 0.12 0.09 0.09 0.0 0.0 0.15 
安徽丰原药业股份有限公司(:)
《丁酸氯维地平及乳剂》~0.1 0.17 0.17 0.13 0.08 0.08 0.08 0.08 0.05 0.07 
《丙泊酚中/长链脂肪乳注射液》~0.1 0.17 0.17 0.13 0.08 0.08 0.08 0.08 0.05 0.07 
《复方电解质注射液（Ⅱ）》~0.1 0.17 0.17 0.13 0.08 0.08 0.08 0.08 0.05 0.07 
《奥拉西坦与奥拉西坦注射液》~0.1 0.17 0.17 0.13 0.08 0.08 0.08 0.08 0.05 0.07 
《注射用兰索拉唑》~0.1 0.17 0.17 0.13 0.08 0.08 0.08 0.08 0.05 0.07 
《注射用帕瑞昔布钠原料及制剂》~0.1 0.17 0.17 0.13 0.08 0.08 0.08 0.08 0.05 0.07 
《米力农与乳酸米力农注射液》~0.1 0.17 0.17 0.13 0.08 0.08 0.08 0.08 0.05 0.07 
《长链脂肪乳注射液（OO）[橄榄油]》~0.1 0.17 0.17 0.13 0.08 0.08 0.08 0.08 0.05 0.07 
合肥丰原医药发展有限公司~0.03 0.21 0.21 0.12 0.12 0.09 0.09 0.0 0.0 0.15 
安徽丰原医药进出口有限公司~0.03 0.21 0.21 0.12 0.12 0.09 0.09 0.0 0.0 0.15 
安徽丰原大药房连锁有限公司~0.03 0.21 0.21 0.12 0.12 0.09 0.09 0.0 0.0 0.15 
安徽丰原蚌埠医药有限公司~0.03 0.21 0.21 0.12 0.12 0.09 0.09 0.0 0.0 0.15 
安徽华宁医药物流有限公司~0.06 0.15 0.13 0.11 0.1 0.1 0.09 0.08 0.06 0.11 
安徽华源医药股份有限公司~0.05 0.15 0.13 0.11 0.11 0.1 0.1 0.07 0.05 0.11 
安徽天星医药集团有限公司~0.06 0.15 0.13 0.11 0.1 0.1 0.09 0.08 0.06 0.11 
安徽省医药（集团）股份有限公司~0.06 0.15 0.13 0.11 0.1 0.1 0.09 0.08 0.06 0.11 
安徽省安通医药进出口有限公司~0.06 0.15 0.13 0.11 0.1 0.1 0.09 0.08 0.06 0.11 
安徽省振亚药业有限公司~0.06 0.15 0.13 0.11 0.1 0.1 0.09 0.08 0.06 0.11 
海南先通药业有限公司~0.05 0.15 0.13 0.11 0.11 0.1 0.1 0.07 0.05 0.11 
蚌埠医学院第二附属医院~0.06 0.16 0.15 0.13 0.12 0.12 0.11 0.08 0.06 0.02 
阜阳市百富安香料有限公司~0.05 0.15 0.13 0.11 0.11 0.1 0.1 0.07 0.05 0.11 
陕西和恒药业有限公司~0.05 0.15 0.13 0.11 0.11 0.1 0.1 0.07 0.05 0.11 
马鞍山丰原制药有限公司~0.03 0.21 0.21 0.12 0.12 0.09 0.09 0.0 0.0 0.15 
安徽安凯汽车股份有限公司(:)
安凯车桥~0.03 0.21 0.21 0.12 0.12 0.09 0.09 0.0 0.0 0.15 
安凯金达~0.03 0.21 0.21 0.12 0.12 0.09 0.09 0.0 0.0 0.15 
江淮客车~0.03 0.21 0.21 0.12 0.12 0.09 0.09 0.0 0.0 0.15 
安徽山河药用辅料股份有限公司(:)
合肥山河医药科技有限公司~0.03 0.21 0.21 0.12 0.12 0.09 0.09 0.0 0.0 0.15 
安徽江淮汽车股份有限公司(:)
合肥江淮汽车融资担保有限公司~0.22 0.5 0.0 0.0 0.0 0.0 0.0 0.0 0.0 0.29 
瑞福德汽车金融有限公司~0.22 0.5 0.0 0.0 0.0 0.0 0.0 0.0 0.0 0.29 
宏昌电子材料股份有限公司(:)
富奥汽车零部件股份有限公司(:)
一汽-大众汽车有限公司~0.05 0.15 0.13 0.11 0.11 0.1 0.1 0.07 0.05 0.11 
一汽解放汽车有限公司~0.05 0.15 0.13 0.11 0.11 0.1 0.1 0.07 0.05 0.11 
一汽轿车汽车有限公司~0.05 0.15 0.13 0.11 0.11 0.1 0.1 0.07 0.05 0.11 
大众一汽平台零部件有限公司~0.05 0.15 0.13 0.11 0.11 0.1 0.1 0.07 0.05 0.11 
天合富奥汽车安全系统（长春）有限公司~0.03 0.21 0.21 0.12 0.12 0.09 0.09 0.0 0.0 0.15 
天津华舜汽配制造集团有限公司~0.06 0.15 0.13 0.11 0.1 0.1 0.09 0.08 0.06 0.11 
安徽江淮汽车股份有限公司~0.05 0.15 0.13 0.11 0.11 0.1 0.1 0.07 0.05 0.11 
底盘技术（长春）有限公司~0.03 0.21 0.21 0.12 0.12 0.09 0.09 0.0 0.0 0.15 
建新赵氏集团有限公司~0.06 0.15 0.13 0.11 0.1 0.1 0.09 0.08 0.06 0.11 
采埃孚富奥~0.03 0.21 0.21 0.12 0.12 0.09 0.09 0.0 0.0 0.15 
长春北特汽车零部件有限公司~0.06 0.15 0.13 0.11 0.1 0.1 0.09 0.08 0.06 0.11 
青岛钰也发展股份有限公司~0.06 0.15 0.13 0.11 0.1 0.1 0.09 0.08 0.06 0.11 
黄骅聚金五金制品有限公司~0.06 0.15 0.13 0.11 0.1 0.1 0.09 0.08 0.06 0.11 
山东未名生物医药股份有限公司(:)
北京未名西大生物科技有限公司~0.03 0.21 0.21 0.12 0.12 0.09 0.09 0.0 0.0 0.15 
北京科兴生物制品有限公司~0.03 0.21 0.21 0.12 0.12 0.09 0.09 0.0 0.0 0.15 
天津未名生物医药有限公司~0.03 0.21 0.21 0.12 0.12 0.09 0.09 0.0 0.0 0.15 
未名生物医药有限公司~0.03 0.21 0.21 0.12 0.12 0.09 0.09 0.0 0.0 0.15 
山东沃华医药科技股份有限公司(:)
山东沃华医药经营有限公司~0.03 0.21 0.21 0.12 0.12 0.09 0.09 0.0 0.0 0.15 
山东瑞康医药股份有限公司(:)
北京久鼎盛世科技有限公司~0.14 0.13 0.12 0.12 0.12 0.09 0.08 0.08 0.0 0.11 
北京天健君安经贸有限公司~0.14 0.13 0.12 0.12 0.12 0.09 0.08 0.08 0.0 0.11 
北京悦康北卫医药有限公司~0.14 0.13 0.12 0.12 0.12 0.09 0.08 0.08 0.0 0.11 
北京沛合健康科技有限公司~0.14 0.13 0.12 0.12 0.12 0.09 0.08 0.08 0.0 0.11 
北京瑞康时代医药有限公司~0.14 0.13 0.12 0.12 0.12 0.09 0.08 0.08 0.0 0.11 
北京瑞诚泰达经贸有限公司~0.14 0.13 0.12 0.12 0.12 0.09 0.08 0.08 0.0 0.11 
北京盛世利康医疗器械有限公司~0.14 0.13 0.12 0.12 0.12 0.09 0.08 0.08 0.0 0.11 
南昌普健实业有限公司~0.14 0.13 0.12 0.12 0.12 0.09 0.08 0.08 0.0 0.11 
宁波天脉健康管理有限公司~0.14 0.13 0.12 0.12 0.12 0.09 0.08 0.08 0.0 0.11 
广州康吉贸易有限公司~0.14 0.13 0.12 0.12 0.12 0.09 0.08 0.08 0.0 0.11 
广州康海医药生物科技发展有限公司~0.14 0.13 0.12 0.12 0.12 0.09 0.08 0.08 0.0 0.11 
新泰市同福堂医药有限公司~0.14 0.13 0.12 0.12 0.12 0.09 0.08 0.08 0.0 0.11 
新泰市同褔堂医药有限公司~0.03 0.21 0.21 0.12 0.12 0.09 0.09 0.0 0.0 0.15 
江西科洋实业有限公司~0.14 0.13 0.12 0.12 0.12 0.09 0.08 0.08 0.0 0.11 
济南同邦信息有限公司~0.14 0.13 0.12 0.12 0.12 0.09 0.08 0.08 0.0 0.11 
济南瑞康医药有限公司~0.03 0.21 0.21 0.12 0.12 0.09 0.09 0.0 0.0 0.15 
石家庄格美医疗器械有限公司~0.14 0.13 0.12 0.12 0.12 0.09 0.08 0.08 0.0 0.11 
绿洲商~0.22 0.5 0.0 0.0 0.0 0.0 0.0 0.0 0.0 0.29 
黑龙江瑞康世纪医药有限公司~0.14 0.13 0.12 0.12 0.12 0.09 0.08 0.08 0.0 0.11 
山东鲁抗医药股份有限公司(:)
交通银行~0.15 0.31 0.31 0.0 0.0 0.0 0.0 0.0 0.0 0.22 
利奈唑胺原料及片剂项目~0.1 0.21 0.21 0.11 0.11 0.11 0.08 0.0 0.0 0.08 
匹伐他汀钙片项目~0.25 0.25 0.12 0.11 0.04 0.04 0.04 0.04 0.0 0.1 
南京医药~0.15 0.31 0.31 0.0 0.0 0.0 0.0 0.0 0.0 0.22 
复方磺胺喹噁啉钠可溶性粉（达虫安）~0.14 0.13 0.12 0.11 0.11 0.11 0.11 0.1 0.0 0.07 
复方磺胺间甲氧嘧啶预混剂 ~0.14 0.13 0.12 0.11 0.11 0.11 0.11 0.1 0.0 0.07 
戊二醛癸甲溴铵溶液（醛迪）~0.14 0.13 0.12 0.11 0.11 0.11 0.11 0.1 0.0 0.07 
普拉格雷原料及片剂项目~0.1 0.21 0.21 0.11 0.11 0.11 0.08 0.0 0.0 0.08 
替格瑞洛原料及制剂~0.25 0.25 0.12 0.11 0.04 0.04 0.04 0.04 0.0 0.1 
月苄三甲氯铵溶液（舍贝安）~0.14 0.13 0.12 0.11 0.11 0.11 0.11 0.1 0.0 0.07 
氨苄西林可溶性粉（安可益）~0.14 0.13 0.12 0.11 0.11 0.11 0.11 0.1 0.0 0.07 
注射用三氮眯~0.14 0.13 0.12 0.11 0.11 0.11 0.11 0.1 0.0 0.07 
注射用硫酸卡那霉素~0.14 0.13 0.12 0.11 0.11 0.11 0.11 0.1 0.0 0.07 
注射用酒石酸泰乐菌素~0.14 0.13 0.12 0.11 0.11 0.11 0.11 0.1 0.0 0.07 
泰乐菌素~0.25 0.57 0.0 0.0 0.0 0.0 0.0 0.0 0.0 0.18 
盐酸恩诺沙星可溶性粉（诺达欣）~0.14 0.13 0.12 0.11 0.11 0.11 0.11 0.1 0.0 0.07 
盐酸美金刚多奈哌齐缓释胶囊项目~0.25 0.25 0.12 0.11 0.04 0.04 0.04 0.04 0.0 0.1 
硫酸安普霉素可溶性粉(威痢婷)~0.14 0.13 0.12 0.11 0.11 0.11 0.11 0.1 0.0 0.07 
硫酸新霉素可溶性粉（康欣泰）~0.14 0.13 0.12 0.11 0.11 0.11 0.11 0.1 0.0 0.07 
碘附（I）（碘欣）~0.14 0.13 0.12 0.11 0.11 0.11 0.11 0.1 0.0 0.07 
磷酸替米考星~0.0 0.0 0.0 0.0 0.0 0.0 0.0 0.0 0.0 1.0 
磷酸替米考星可溶性粉~0.0 0.0 0.0 0.0 0.0 0.0 0.0 0.0 0.0 1.0 
维格列汀原料及片剂项目~0.11 0.22 0.22 0.12 0.12 0.12 0.09 0.0 0.0 0.0 
美洛昔康原料药~0.0 0.0 0.0 0.0 0.0 0.0 0.0 0.0 0.0 1.0 
美洛昔康注射液~0.0 0.0 0.0 0.0 0.0 0.0 0.0 0.0 0.0 1.0 
达格列净原料及制剂~0.25 0.25 0.12 0.11 0.04 0.04 0.04 0.04 0.0 0.1 
过氧乙酸溶液（迪清）~0.14 0.13 0.12 0.11 0.11 0.11 0.11 0.1 0.0 0.07 
酒石酸泰万菌素~0.14 0.13 0.12 0.11 0.11 0.11 0.11 0.1 0.0 0.07 
酒石酸泰乐菌素可溶性粉（乐农安）~0.14 0.13 0.12 0.11 0.11 0.11 0.11 0.1 0.0 0.07 
阿卡波糖片项目~0.25 0.25 0.12 0.11 0.04 0.04 0.04 0.04 0.0 0.1 
香菇多糖~0.0 0.0 0.0 0.0 0.0 0.0 0.0 0.0 0.0 1.0 
山西仟源医药集团股份有限公司(:)
上海医药分销控股有限公司~0.05 0.15 0.13 0.11 0.11 0.1 0.1 0.07 0.05 0.11 
上海思富医药有限公司~0.05 0.15 0.13 0.11 0.11 0.1 0.1 0.07 0.05 0.11 
依巴斯汀分散片~0.42 0.42 0.0 0.0 0.0 0.0 0.0 0.0 0.0 0.16 
北京康必得药业有限公司~0.05 0.15 0.13 0.11 0.11 0.1 0.1 0.07 0.05 0.11 
山东鲁抗医药股份有限公司~0.06 0.15 0.13 0.11 0.1 0.1 0.09 0.08 0.06 0.11 
康德乐（中国）医药有限公司~0.05 0.15 0.13 0.11 0.11 0.1 0.1 0.07 0.05 0.11 
杭州恩氏基因技术发展有限公司~0.03 0.21 0.21 0.12 0.12 0.09 0.09 0.0 0.0 0.15 
江苏正大清江制药有限公司~0.05 0.15 0.13 0.11 0.11 0.1 0.1 0.07 0.05 0.11 
浙江舟山普陀新兴药业有限公司~0.06 0.15 0.13 0.11 0.1 0.1 0.09 0.08 0.06 0.11 
海南益阳医药有限公司~0.06 0.15 0.13 0.11 0.1 0.1 0.09 0.08 0.06 0.11 
舟山市海圣生物有限公司~0.06 0.15 0.13 0.11 0.1 0.1 0.09 0.08 0.06 0.11 
重庆正川医药包装材料股份有限公司~0.06 0.15 0.13 0.11 0.1 0.1 0.09 0.08 0.06 0.11 
常州强力电子新材料股份有限公司(:)
常州强力光电材料有限公司~0.03 0.21 0.21 0.12 0.12 0.09 0.09 0.0 0.0 0.15 
常州腾龙汽车零部件股份有限公司(:)
天津腾龙联合汽车零部件制造有限公司~0.03 0.21 0.21 0.12 0.12 0.09 0.09 0.0 0.0 0.15 
常州腾兴汽车配件有限公司~0.03 0.21 0.21 0.12 0.12 0.09 0.09 0.0 0.0 0.15 
常州腾龙轻合金材料有限公司~0.03 0.21 0.21 0.12 0.12 0.09 0.09 0.0 0.0 0.15 
柳州龙润汽车零部件制造有限公司~0.03 0.21 0.21 0.12 0.12 0.09 0.09 0.0 0.0 0.15 
武汉腾龙联合汽车零部件制造有限公司~0.03 0.21 0.21 0.12 0.12 0.09 0.09 0.0 0.0 0.15 
江苏福莱斯伯汽车零件制造有限公司~0.03 0.21 0.21 0.12 0.12 0.09 0.09 0.0 0.0 0.15 
芜湖腾龙汽车零部件制造有限公司~0.03 0.21 0.21 0.12 0.12 0.09 0.09 0.0 0.0 0.15 
重庆常腾汽车零部件制造有限公司~0.03 0.21 0.21 0.12 0.12 0.09 0.09 0.0 0.0 0.15 
广东众生药业股份有限公司(:)
《伊伐布雷定原料及片》~0.08 0.16 0.14 0.11 0.1 0.09 0.08 0.08 0.08 0.06 
《地夸磷索钠原料及滴眼液》~0.08 0.16 0.14 0.11 0.1 0.09 0.08 0.08 0.08 0.06 
《复方氯化钠滴眼液》~0.08 0.16 0.14 0.11 0.1 0.09 0.08 0.08 0.08 0.06 
《复方血栓通胶囊》~0.08 0.16 0.14 0.11 0.1 0.09 0.08 0.08 0.08 0.06 
《复方门冬维甘滴眼液》~0.08 0.16 0.14 0.11 0.1 0.09 0.08 0.08 0.08 0.06 
《头孢丙烯胶囊》~0.08 0.16 0.14 0.11 0.1 0.09 0.08 0.08 0.08 0.06 
《奥美拉唑碳酸氢钠胶囊》~0.08 0.16 0.14 0.11 0.1 0.09 0.08 0.08 0.08 0.06 
《左旋泮托拉唑钠原料及肠溶片》~0.08 0.16 0.14 0.11 0.1 0.09 0.08 0.08 0.08 0.06 
《布洛芬注射液》~0.08 0.16 0.14 0.11 0.1 0.09 0.08 0.08 0.08 0.06 
《度他雄胺原料及软胶囊》~0.08 0.16 0.14 0.11 0.1 0.09 0.08 0.08 0.08 0.06 
《曲伏前列素滴眼液》~0.08 0.16 0.14 0.11 0.1 0.09 0.08 0.08 0.08 0.06 
《注射用三磷酸》~0.08 0.16 0.14 0.11 0.1 0.09 0.08 0.08 0.08 0.06 
《溴芬酸钠原料及滴眼液》~0.08 0.16 0.14 0.11 0.1 0.09 0.08 0.08 0.08 0.06 
《牛磺酸滴眼液》~0.08 0.16 0.14 0.11 0.1 0.09 0.08 0.08 0.08 0.06 
《瑞普拉生原料及片》~0.29 0.29 0.29 0.0 0.0 0.0 0.0 0.0 0.0 0.13 
《盐酸坦洛新缓释胶囊》~0.08 0.16 0.14 0.11 0.1 0.09 0.08 0.08 0.08 0.06 
《盐酸洛美沙星滴眼液》~0.08 0.16 0.14 0.11 0.1 0.09 0.08 0.08 0.08 0.06 
《盐酸莫西沙星原料及滴眼液》~0.29 0.29 0.29 0.0 0.0 0.0 0.0 0.0 0.0 0.13 
《腺苷二钠氯化镁》~0.08 0.16 0.14 0.11 0.1 0.09 0.08 0.08 0.08 0.06 
《萘敏维滴眼液》~0.08 0.16 0.14 0.11 0.1 0.09 0.08 0.08 0.08 0.06 
《非布司他胶囊》~0.08 0.16 0.14 0.11 0.1 0.09 0.08 0.08 0.08 0.06 
《马来酸噻吗洛尔滴眼液》~0.08 0.16 0.14 0.11 0.1 0.09 0.08 0.08 0.08 0.06 
东莞市众生企业管理有限公司~0.03 0.21 0.21 0.12 0.12 0.09 0.09 0.0 0.0 0.15 
广东众生医药贸易有限公司~0.03 0.21 0.21 0.12 0.12 0.09 0.09 0.0 0.0 0.15 
广东先强药业有限公司~0.03 0.21 0.21 0.12 0.12 0.09 0.09 0.0 0.0 0.15 
广东华南药业集团有限公司~0.03 0.21 0.21 0.12 0.12 0.09 0.09 0.0 0.0 0.15 
沾益县益康中药饮片有限责任公司~0.03 0.21 0.21 0.12 0.12 0.09 0.09 0.0 0.0 0.15 
湖北凌晟药业有限公司~0.03 0.21 0.21 0.12 0.12 0.09 0.09 0.0 0.0 0.15 
广东依顿电子科技股份有限公司(:)
依顿中山~0.03 0.21 0.21 0.12 0.12 0.09 0.09 0.0 0.0 0.15 
依顿创新~0.03 0.21 0.21 0.12 0.12 0.09 0.09 0.0 0.0 0.15 
依顿多层~0.03 0.21 0.21 0.12 0.12 0.09 0.09 0.0 0.0 0.15 
依顿香港~0.03 0.21 0.21 0.12 0.12 0.09 0.09 0.0 0.0 0.15 
皆耀管理~0.03 0.21 0.21 0.12 0.12 0.09 0.09 0.0 0.0 0.15 
广东汕头超声电子股份有限公司(:)
汕头超声印制板公司~0.03 0.21 0.21 0.12 0.12 0.09 0.09 0.0 0.0 0.15 
汕头超声印制板（二厂）有限公司~0.03 0.21 0.21 0.12 0.12 0.09 0.09 0.0 0.0 0.15 
汕头超声显示器技术有限公司~0.03 0.21 0.21 0.12 0.12 0.09 0.09 0.0 0.0 0.15 
汕头超声显示器有限公司~0.03 0.21 0.21 0.12 0.12 0.09 0.09 0.0 0.0 0.15 
汕头超声显示器（二厂）有限公司~0.03 0.21 0.21 0.12 0.12 0.09 0.09 0.0 0.0 0.15 
象屿股份~0.22 0.5 0.0 0.0 0.0 0.0 0.0 0.0 0.0 0.29 
广州博济医药生物技术股份有限公司(:)
惠州中京电子科技股份有限公司(:)
广东乐源数字技术有限公司~0.03 0.21 0.21 0.12 0.12 0.09 0.09 0.0 0.0 0.15 
惠州中京乐源智能科技有限公司~0.03 0.21 0.21 0.12 0.12 0.09 0.09 0.0 0.0 0.15 
惠州中盛科技企业孵化器有限公司~0.03 0.21 0.21 0.12 0.12 0.09 0.09 0.0 0.0 0.15 
香港中京电子科技有限公司~0.03 0.21 0.21 0.12 0.12 0.09 0.09 0.0 0.0 0.15 
成都康弘药业集团股份有限公司(:)
康弘药业营销服务网~0.25 0.57 0.0 0.0 0.0 0.0 0.0 0.0 0.0 0.18 
成都康弘制药有限公司~0.03 0.21 0.21 0.12 0.12 0.09 0.09 0.0 0.0 0.15 
成都旭光电子股份有限公司(:)
成都储翰科~0.51 0.12 0.07 0.0 0.0 0.0 0.0 0.0 0.0 0.29 
新开普电子股份有限公司(:)
万沙电气有限公司~0.06 0.15 0.13 0.11 0.1 0.1 0.09 0.08 0.06 0.11 
上海复旦微电子集团股份有限公司~0.06 0.15 0.13 0.11 0.1 0.1 0.09 0.08 0.06 0.11 
中国建设银行股份有限公司大连市分行~0.05 0.15 0.13 0.11 0.11 0.1 0.1 0.07 0.05 0.11 
中国科学院大学~0.06 0.16 0.15 0.13 0.12 0.12 0.11 0.08 0.06 0.02 
北京迪科远望科技有限公司~0.03 0.21 0.21 0.12 0.12 0.09 0.09 0.0 0.0 0.15 
安徽新开普智能技术有限公司~0.05 0.15 0.13 0.11 0.11 0.1 0.1 0.07 0.05 0.11 
杭州希贤科技有限公司~0.06 0.15 0.13 0.11 0.1 0.1 0.09 0.08 0.06 0.11 
杭州西力电能表制造有限公司~0.05 0.15 0.13 0.11 0.11 0.1 0.1 0.07 0.05 0.11 
苏州工业园区迪隆科技发展有限公司~0.06 0.15 0.13 0.11 0.1 0.1 0.09 0.08 0.06 0.11 
郑州航天赛世特电子有限公司~0.05 0.15 0.13 0.11 0.11 0.1 0.1 0.07 0.05 0.11 
昆药集团股份有限公司(:)
verinurad~0.12 0.29 0.13 0.11 0.1 0.08 0.07 0.0 0.0 0.1 
云南医药工业销售有限公司~0.05 0.11 0.11 0.11 0.11 0.11 0.11 0.11 0.11 0.1 
云南省医药有限公司~0.06 0.22 0.1 0.08 0.08 0.08 0.08 0.08 0.08 0.13 
云南鸿云药业有限公司~0.06 0.22 0.1 0.08 0.08 0.08 0.08 0.08 0.08 0.13 
北京大道隆达医药~0.27 0.27 0.27 0.0 0.0 0.0 0.0 0.0 0.0 0.2 
广州采芝林药业有限公司~0.06 0.22 0.1 0.08 0.08 0.08 0.08 0.08 0.08 0.13 
昆明制药集团医药商业有限公司~0.03 0.21 0.21 0.12 0.12 0.09 0.09 0.0 0.0 0.15 
昆明贝克诺顿制药有限公司~0.03 0.21 0.21 0.12 0.12 0.09 0.09 0.0 0.0 0.15 
昆药集团血塞通药业股份有限公司~0.03 0.21 0.21 0.12 0.12 0.09 0.09 0.0 0.0 0.15 
浙江华立南湖制药~0.27 0.27 0.27 0.0 0.0 0.0 0.0 0.0 0.0 0.2 
浙江华立南湖制药有限公司~0.04 0.27 0.27 0.13 0.1 0.0 0.0 0.0 0.0 0.19 
深圳中联广深医药（集团）股份有限公司~0.05 0.11 0.11 0.11 0.11 0.11 0.11 0.11 0.11 0.1 
湘西华方制药有限公司~0.03 0.21 0.21 0.12 0.12 0.09 0.09 0.0 0.0 0.15 
西双版纳版纳药业有限责任公司~0.03 0.21 0.21 0.12 0.12 0.09 0.09 0.0 0.0 0.15 
重庆华方武陵山制药有限公司~0.03 0.21 0.21 0.12 0.12 0.09 0.09 0.0 0.0 0.15 
重庆华阳自然资源开发有限责任公司~0.04 0.27 0.27 0.13 0.1 0.0 0.0 0.0 0.0 0.19 
重庆市吉和药品有限公司~0.06 0.22 0.1 0.08 0.08 0.08 0.08 0.08 0.08 0.13 
重庆恒韵医药有限公司~0.06 0.22 0.1 0.08 0.08 0.08 0.08 0.08 0.08 0.13 
杭州中威电子股份有限公司(:)
广东中威电子科技有限公司~0.03 0.21 0.21 0.12 0.12 0.09 0.09 0.0 0.0 0.15 
杭州中威智能技术有限公司~0.03 0.21 0.21 0.12 0.12 0.09 0.09 0.0 0.0 0.15 
浙江网聚投资管理有限公司~0.03 0.21 0.21 0.12 0.12 0.09 0.09 0.0 0.0 0.15 
杭州先锋电子技术股份有限公司(:)
杭州泰格医药科技股份有限公司(:)
株洲千金药业股份有限公司(:)
ARB-NEP~0.25 0.57 0.0 0.0 0.0 0.0 0.0 0.0 0.0 0.18 
千金湘江~0.07 0.1 0.1 0.1 0.1 0.1 0.1 0.1 0.1 0.1 
株洲千金文化广场有限公司~0.03 0.21 0.21 0.12 0.12 0.09 0.09 0.0 0.0 0.15 
株洲千金物流有限公司~0.03 0.21 0.21 0.12 0.12 0.09 0.09 0.0 0.0 0.15 
株洲神农千金医药食品物流有限公司~0.03 0.21 0.21 0.12 0.12 0.09 0.09 0.0 0.0 0.15 
棉巾系列~0.08 0.11 0.11 0.11 0.11 0.11 0.11 0.11 0.11 0.06 
湖南千金医药股份有限公司~0.03 0.21 0.21 0.12 0.12 0.09 0.09 0.0 0.0 0.15 
湖南千金大药房连锁有限公司~0.03 0.21 0.21 0.12 0.12 0.09 0.09 0.0 0.0 0.15 
湖南千金投资控股有限公司~0.03 0.21 0.21 0.12 0.12 0.09 0.09 0.0 0.0 0.15 
湖南千金湘江药业股份有限公司~0.03 0.21 0.21 0.12 0.12 0.09 0.09 0.0 0.0 0.15 
湖南千金药材有限公司~0.03 0.21 0.21 0.12 0.12 0.09 0.09 0.0 0.0 0.15 
盐酸左西替利嗪咀嚼片~0.25 0.57 0.0 0.0 0.0 0.0 0.0 0.0 0.0 0.18 
盐酸贝那普利片~0.25 0.57 0.0 0.0 0.0 0.0 0.0 0.0 0.0 0.18 
阿比朵尔片~0.25 0.57 0.0 0.0 0.0 0.0 0.0 0.0 0.0 0.18 
雷贝拉唑钠肠溶片~0.25 0.57 0.0 0.0 0.0 0.0 0.0 0.0 0.0 0.18 
非洛地平缓释片~0.25 0.57 0.0 0.0 0.0 0.0 0.0 0.0 0.0 0.18 
桂林三金药业股份有限公司(:)
桂林三金大药房有限责任公司~0.03 0.21 0.21 0.12 0.12 0.09 0.09 0.0 0.0 0.15 
桂林三金生物任药业有限责公司~0.03 0.21 0.21 0.12 0.12 0.09 0.09 0.0 0.0 0.15 
桂林三金西瓜霜生态制品有限责任公司~0.03 0.21 0.21 0.12 0.12 0.09 0.09 0.0 0.0 0.15 
江中药业股份有限公司(:)
江苏恒瑞医药股份有限公司(:)
上海恒瑞医药有限公司~0.03 0.21 0.21 0.12 0.12 0.09 0.09 0.0 0.0 0.15 
上海盛迪医药有限公司~0.03 0.21 0.21 0.12 0.12 0.09 0.09 0.0 0.0 0.15 
凯迪亚斯医药有限公司~0.03 0.21 0.21 0.12 0.12 0.09 0.09 0.0 0.0 0.15 
北京恒森创新医药科技有限公司~0.03 0.21 0.21 0.12 0.12 0.09 0.09 0.0 0.0 0.15 
成都新越医药有限公司~0.03 0.21 0.21 0.12 0.12 0.09 0.09 0.0 0.0 0.15 
成都盛迪医药有限公司~0.03 0.21 0.21 0.12 0.12 0.09 0.09 0.0 0.0 0.15 
日本恒瑞有限公司~0.03 0.21 0.21 0.12 0.12 0.09 0.09 0.0 0.0 0.15 
普瑞巴林口服~0.12 0.12 0.12 0.12 0.12 0.12 0.12 0.12 0.0 0.06 
江苏新晨医药有限公司~0.03 0.21 0.21 0.12 0.12 0.09 0.09 0.0 0.0 0.15 
江苏盛迪医药有限公司~0.03 0.21 0.21 0.12 0.12 0.09 0.09 0.0 0.0 0.15 
美国恒瑞有限公司~0.03 0.21 0.21 0.12 0.12 0.09 0.09 0.0 0.0 0.15 
苏州盛迪亚生物医药有限公司~0.03 0.21 0.21 0.12 0.12 0.09 0.09 0.0 0.0 0.15 
江苏联环药业股份有限公司(:)
南京帝易医药科技有限公司~0.03 0.21 0.21 0.12 0.12 0.09 0.09 0.0 0.0 0.15 
扬州扬大联环药业基因工程有限公司~0.03 0.21 0.21 0.12 0.12 0.09 0.09 0.0 0.0 0.15 
扬州联澳生物医药有限公司~0.03 0.21 0.21 0.12 0.12 0.09 0.09 0.0 0.0 0.15 
扬州联环医药营销有限公司~0.03 0.21 0.21 0.12 0.12 0.09 0.09 0.0 0.0 0.15 
扬州联环投资有限公司~0.03 0.21 0.21 0.12 0.12 0.09 0.09 0.0 0.0 0.15 
扬州联环药物工程研究中心有限公司~0.03 0.21 0.21 0.12 0.12 0.09 0.09 0.0 0.0 0.15 
江苏联创医药技术有限公司~0.03 0.21 0.21 0.12 0.12 0.09 0.09 0.0 0.0 0.15 
江苏联环生物医药有限公司~0.03 0.21 0.21 0.12 0.12 0.09 0.09 0.0 0.0 0.15 
江苏银河电子股份有限公司(:)
合肥同智机电控制技术有限公司 ~0.03 0.21 0.21 0.12 0.12 0.09 0.09 0.0 0.0 0.15 
洛阳嘉盛电源科技有限公司~0.03 0.21 0.21 0.12 0.12 0.09 0.09 0.0 0.0 0.15 
福建骏鹏通信科技有限公司~0.03 0.21 0.21 0.12 0.12 0.09 0.09 0.0 0.0 0.15 
美标充电桩~0.22 0.5 0.0 0.0 0.0 0.0 0.0 0.0 0.0 0.29 
江西富祥药业股份有限公司(:)
杭州科威进出口有限公司~0.03 0.21 0.21 0.12 0.12 0.09 0.09 0.0 0.0 0.15 
江西如益科技股份有限公司~0.03 0.21 0.21 0.12 0.12 0.09 0.09 0.0 0.0 0.15 
江西祥太制药有限公司~0.03 0.21 0.21 0.12 0.12 0.09 0.09 0.0 0.0 0.15 
河南太龙药业股份有限公司(:)
③桐君堂药业有限公司~0.22 0.5 0.0 0.0 0.0 0.0 0.0 0.0 0.0 0.29 
石杉碱甲片~0.14 0.25 0.25 0.25 0.0 0.0 0.0 0.0 0.0 0.11 
贝母护乳颗粒（乳结消颗粒）~0.25 0.25 0.12 0.11 0.04 0.04 0.04 0.04 0.0 0.1 
河南汉威电子股份有限公司(:)
《Ⅱ型激光粉尘传感器》~0.1 0.16 0.13 0.12 0.11 0.08 0.08 0.08 0.08 0.06 
《分布式大气环境监控系统》~0.1 0.16 0.13 0.12 0.11 0.08 0.08 0.08 0.08 0.06 
《危险化学品泄漏事故救援保护设备》~0.1 0.16 0.13 0.12 0.11 0.08 0.08 0.08 0.08 0.06 
《大气环境质量分析及应急设备》~0.1 0.16 0.13 0.12 0.11 0.08 0.08 0.08 0.08 0.06 
《安全生产气体环境实时监控系统》~0.1 0.16 0.13 0.12 0.11 0.08 0.08 0.08 0.08 0.06 
《工业安全综合监管平台-IAP》~0.1 0.16 0.13 0.12 0.11 0.08 0.08 0.08 0.08 0.06 
《应用于大气环境分析的便携型气象色谱仪》~0.1 0.16 0.13 0.12 0.11 0.08 0.08 0.08 0.08 0.06 
《微型电化学传感器》~0.1 0.16 0.13 0.12 0.11 0.08 0.08 0.08 0.08 0.06 
《数据采集中间件UDA》~0.1 0.16 0.13 0.12 0.11 0.08 0.08 0.08 0.08 0.06 
《智能型远传终端》~0.1 0.16 0.13 0.12 0.11 0.08 0.08 0.08 0.08 0.06 
《汉威空气质量管家》~0.1 0.16 0.13 0.12 0.11 0.08 0.08 0.08 0.08 0.06 
合肥市生活废弃物管理中心~0.06 0.16 0.15 0.13 0.12 0.12 0.11 0.08 0.06 0.02 
宜宾市投资集团有限责任公司~0.05 0.15 0.13 0.11 0.11 0.1 0.1 0.07 0.05 0.11 
广东龙泉科技有限公司~0.03 0.21 0.21 0.12 0.12 0.09 0.09 0.0 0.0 0.15 
惠州新华昌运输设备有限公司~0.05 0.15 0.13 0.11 0.11 0.1 0.1 0.07 0.05 0.11 
江苏贞一环保科技有限公司~0.06 0.15 0.13 0.11 0.1 0.1 0.09 0.08 0.06 0.11 
河南新合鑫置业有限公司~0.05 0.15 0.13 0.11 0.11 0.1 0.1 0.07 0.05 0.11 
河南省百隆建筑工程有限公司~0.06 0.15 0.13 0.11 0.1 0.1 0.09 0.08 0.06 0.11 
濮阳市中信建设工程有限公司~0.06 0.15 0.13 0.11 0.1 0.1 0.09 0.08 0.06 0.11 
郑州汉威公用事业科技有限公司~0.03 0.21 0.21 0.12 0.12 0.09 0.09 0.0 0.0 0.15 
郑州祝福房地产开发有限公司~0.05 0.15 0.13 0.11 0.11 0.1 0.1 0.07 0.05 0.11 
郑州高新梧桐水务有限公司~0.06 0.15 0.13 0.11 0.1 0.1 0.09 0.08 0.06 0.11 
河南省西峡汽车水泵股份有限公司(:)
西泵特铸~0.03 0.21 0.21 0.12 0.12 0.09 0.09 0.0 0.0 0.15 
郑州飞龙汽车部件~0.22 0.5 0.0 0.0 0.0 0.0 0.0 0.0 0.0 0.29 
重庆飞龙~0.03 0.21 0.21 0.12 0.12 0.09 0.09 0.0 0.0 0.15 
浙江东晶电子股份有限公司(:)
东晶锐康晶体（成都）有限公司~0.03 0.21 0.21 0.12 0.12 0.09 0.09 0.0 0.0 0.15 
浙江东晶博蓝特光电有限公司~0.03 0.21 0.21 0.12 0.12 0.09 0.09 0.0 0.0 0.15 
深圳金东晶电子科技有限公司~0.03 0.21 0.21 0.12 0.12 0.09 0.09 0.0 0.0 0.15 
黄山市东晶光电科技有限公司~0.03 0.21 0.21 0.12 0.12 0.09 0.09 0.0 0.0 0.15 
浙江华海药业股份有限公司(:)
www.sse.com.cn~0.0 0.0 0.0 0.0 0.0 0.0 0.0 0.0 0.0 1.0 
上海华奥泰生物药业有限公司~0.03 0.21 0.21 0.12 0.12 0.09 0.09 0.0 0.0 0.15 
上海华汇拓医药科技有限公司~0.03 0.21 0.21 0.12 0.12 0.09 0.09 0.0 0.0 0.15 
上海双华生物医药科技发展有限公司~0.03 0.21 0.21 0.12 0.12 0.09 0.09 0.0 0.0 0.15 
上海奥博生物医药技术有限公司~0.03 0.21 0.21 0.12 0.12 0.09 0.09 0.0 0.0 0.15 
上海科胜药物研发有限公司~0.03 0.21 0.21 0.12 0.12 0.09 0.09 0.0 0.0 0.15 
临海市华南化工有限公司~0.03 0.21 0.21 0.12 0.12 0.09 0.09 0.0 0.0 0.15 
临海市华海制药设备有限公司~0.03 0.21 0.21 0.12 0.12 0.09 0.09 0.0 0.0 0.15 
医药化工~0.03 0.21 0.21 0.12 0.12 0.09 0.09 0.0 0.0 0.15 
华博生物医药技术（上海）有限公司~0.03 0.21 0.21 0.12 0.12 0.09 0.09 0.0 0.0 0.15 
华海南通工程~0.22 0.5 0.0 0.0 0.0 0.0 0.0 0.0 0.0 0.29 
华海药业南通股份有限公司~0.03 0.21 0.21 0.12 0.12 0.09 0.09 0.0 0.0 0.15 
华海（美国）国际有限公司~0.03 0.21 0.21 0.12 0.12 0.09 0.09 0.0 0.0 0.15 
南通华宇化工科技有限公司~0.03 0.21 0.21 0.12 0.12 0.09 0.09 0.0 0.0 0.15 
厄贝沙坦氢氯噻嗪片~0.1 0.21 0.21 0.11 0.11 0.11 0.08 0.0 0.0 0.08 
浙江华海医药包装制品有限公司~0.03 0.21 0.21 0.12 0.12 0.09 0.09 0.0 0.0 0.15 
浙江华海医药销售有限公司~0.03 0.21 0.21 0.12 0.12 0.09 0.09 0.0 0.0 0.15 
浙江华海进出口有限公司~0.03 0.21 0.21 0.12 0.12 0.09 0.09 0.0 0.0 0.15 
浙江宏超环境检测有限公司~0.03 0.21 0.21 0.12 0.12 0.09 0.09 0.0 0.0 0.15 
盐酸舍曲林片~0.1 0.21 0.21 0.11 0.11 0.11 0.08 0.0 0.0 0.08 
缬沙坦~0.1 0.21 0.21 0.11 0.11 0.11 0.08 0.0 0.0 0.08 
缬沙坦片~0.42 0.42 0.0 0.0 0.0 0.0 0.0 0.0 0.0 0.16 
艾司西酞普兰片~0.42 0.42 0.0 0.0 0.0 0.0 0.0 0.0 0.0 0.16 
浙江华通医药股份有限公司(:)
浙江华通医药连锁有限公司~0.03 0.21 0.21 0.12 0.12 0.09 0.09 0.0 0.0 0.15 
浙江景岳堂药业有限公司~0.03 0.21 0.21 0.12 0.12 0.09 0.09 0.0 0.0 0.15 
浙江龙生汽车部件股份有限公司(:)
上海圣冶实业有限公司~0.06 0.15 0.13 0.11 0.1 0.1 0.09 0.08 0.06 0.11 
上海延锋江森座椅有限公司~0.05 0.15 0.13 0.11 0.11 0.1 0.1 0.07 0.05 0.11 
上海萧瑞实业有限公司~0.06 0.15 0.13 0.11 0.1 0.1 0.09 0.08 0.06 0.11 
上海远浩实业有限公司~0.06 0.15 0.13 0.11 0.1 0.1 0.09 0.08 0.06 0.11 
杭州市桐庐县龙生小额贷款股份有限公司~0.03 0.21 0.21 0.12 0.12 0.09 0.09 0.0 0.0 0.15 
柳州五菱汽车工业有限公司~0.05 0.15 0.13 0.11 0.11 0.1 0.1 0.07 0.05 0.11 
柳州延锋江森座椅有限公司~0.05 0.15 0.13 0.11 0.11 0.1 0.1 0.07 0.05 0.11 
桐庐君华五金机械有限公司~0.06 0.15 0.13 0.11 0.1 0.1 0.09 0.08 0.06 0.11 
江西江铃李尔内饰系统有限公司~0.05 0.15 0.13 0.11 0.11 0.1 0.1 0.07 0.05 0.11 
浙江新颜物流有限公司~0.06 0.15 0.13 0.11 0.1 0.1 0.09 0.08 0.06 0.11 
烟台延锋江森座椅有限责任公司~0.05 0.15 0.13 0.11 0.11 0.1 0.1 0.07 0.05 0.11 
海南双成药业股份有限公司(:)
宁波双成药业有限公司~0.03 0.21 0.21 0.12 0.12 0.09 0.09 0.0 0.0 0.15 
海南维乐药业有限公司~0.03 0.21 0.21 0.12 0.12 0.09 0.09 0.0 0.0 0.15 
海南康芝药业股份有限公司(:)
孙公司~0.03 0.21 0.21 0.12 0.12 0.09 0.09 0.0 0.0 0.15 
广东元宁制药有限公司~0.03 0.21 0.21 0.12 0.12 0.09 0.09 0.0 0.0 0.15 
海南康芝药品营销有限公司~0.03 0.21 0.21 0.12 0.12 0.09 0.09 0.0 0.0 0.15 
深圳市同洲电子股份有限公司(:)
Kerala communicators cable ltd~0.05 0.15 0.13 0.11 0.11 0.1 0.1 0.07 0.05 0.11 
SICO INTERNATIONAL COMPANY LIMITED~0.05 0.15 0.13 0.11 0.11 0.1 0.1 0.07 0.05 0.11 
TELEFONOS DE MEXICO, S.A.B. de C.V.~0.05 0.15 0.13 0.11 0.11 0.1 0.1 0.07 0.05 0.11 
Telmex Colombia S.A.~0.05 0.15 0.13 0.11 0.11 0.1 0.1 0.07 0.05 0.11 
厦门信息集团商贸有限公司~0.06 0.15 0.13 0.11 0.1 0.1 0.09 0.08 0.06 0.11 
四川省有线广播电视网络股份有限公司~0.05 0.15 0.13 0.11 0.11 0.1 0.1 0.07 0.05 0.11 
晋声（上海）电子科技有限公司~0.06 0.15 0.13 0.11 0.1 0.1 0.09 0.08 0.06 0.11 
深圳市可购百信息技术有限公司~0.06 0.15 0.13 0.11 0.1 0.1 0.09 0.08 0.06 0.11 
深圳市怡亚通供应链股份有限公司~0.06 0.15 0.13 0.11 0.1 0.1 0.09 0.08 0.06 0.11 
湖北同洲信息港有限公司~0.03 0.21 0.21 0.12 0.12 0.09 0.09 0.0 0.0 0.15 
深圳市宇顺电子股份有限公司(:)
TFT-LCD~0.25 0.57 0.0 0.0 0.0 0.0 0.0 0.0 0.0 0.18 
宇顺电子（香港）贸易有限公司~0.03 0.21 0.21 0.12 0.12 0.09 0.09 0.0 0.0 0.15 
深圳市华丽硕丰科技有限公司~0.03 0.21 0.21 0.12 0.12 0.09 0.09 0.0 0.0 0.15 
深圳市宇创伟业科技有限公司~0.03 0.21 0.21 0.12 0.12 0.09 0.09 0.0 0.0 0.15 
赤壁市宇顺显示技术有限公司~0.03 0.21 0.21 0.12 0.12 0.09 0.09 0.0 0.0 0.15 
深圳市得润电子股份有限公司(:)
Deren Europe Investment Holding S.àr.l.~0.03 0.21 0.21 0.12 0.12 0.09 0.09 0.0 0.0 0.15 
Elettrofornitu~0.03 0.21 0.21 0.12 0.12 0.09 0.09 0.0 0.0 0.15 
Meta System~0.03 0.21 0.21 0.12 0.12 0.09 0.09 0.0 0.0 0.15 
Meta System S.p.A.~0.03 0.21 0.21 0.12 0.12 0.09 0.09 0.0 0.0 0.15 
re S.p.A.~0.03 0.21 0.21 0.12 0.12 0.09 0.09 0.0 0.0 0.15 
合肥得润电~0.03 0.21 0.21 0.12 0.12 0.09 0.09 0.0 0.0 0.15 
广东科世得~0.03 0.21 0.21 0.12 0.12 0.09 0.09 0.0 0.0 0.15 
深圳华麟电~0.03 0.21 0.21 0.12 0.12 0.09 0.09 0.0 0.0 0.15 
深圳得润精~0.03 0.21 0.21 0.12 0.12 0.09 0.09 0.0 0.0 0.15 
绵阳虹润电~0.03 0.21 0.21 0.12 0.12 0.09 0.09 0.0 0.0 0.15 
青岛得润电~0.03 0.21 0.21 0.12 0.12 0.09 0.09 0.0 0.0 0.15 
青岛海润电~0.03 0.21 0.21 0.12 0.12 0.09 0.09 0.0 0.0 0.15 
深圳市新亚电子制程股份有限公司(:)
Keysight Technologies Singapore(Sales)Pte.Ltd.~0.06 0.15 0.13 0.11 0.1 0.1 0.09 0.08 0.06 0.11 
万元公司~0.07 0.13 0.11 0.11 0.1 0.1 0.1 0.09 0.09 0.1 
万元永~0.07 0.13 0.11 0.11 0.1 0.1 0.1 0.09 0.09 0.1 
北京华宝信通科技有限公司~0.06 0.15 0.13 0.11 0.1 0.1 0.09 0.08 0.06 0.11 
四川汉舟电气有限公司~0.06 0.15 0.13 0.11 0.1 0.1 0.09 0.08 0.06 0.11 
新亚达(香港)有限公司~0.03 0.21 0.21 0.12 0.12 0.09 0.09 0.0 0.0 0.15 
昆山市新亚电子工具有限公司~0.03 0.21 0.21 0.12 0.12 0.09 0.09 0.0 0.0 0.15 
晶端显示器件(苏州)有限公司~0.05 0.15 0.13 0.11 0.11 0.1 0.1 0.07 0.05 0.11 
深圳市亚美斯通电子有限公司~0.03 0.21 0.21 0.12 0.12 0.09 0.09 0.0 0.0 0.15 
深圳市合泰精工有限公司~0.06 0.15 0.13 0.11 0.1 0.1 0.09 0.08 0.06 0.11 
珠海市新邦电子有限公司~0.03 0.21 0.21 0.12 0.12 0.09 0.09 0.0 0.0 0.15 
苏州晶锐宝电子科技有限公司~0.06 0.15 0.13 0.11 0.1 0.1 0.09 0.08 0.06 0.11 
赛尔康技术(深圳)有限公司~0.05 0.15 0.13 0.11 0.11 0.1 0.1 0.07 0.05 0.11 
深圳市海普瑞药业股份有限公司(:)
http://disclosure.szse.cn/~0.25 0.57 0.0 0.0 0.0 0.0 0.0 0.0 0.0 0.18 
成都海通~0.27 0.27 0.27 0.0 0.0 0.0 0.0 0.0 0.0 0.2 
深圳市科陆电子科技股份有限公司(:)
CLOU ENERGY LLC~0.16 0.15 0.14 0.09 0.09 0.09 0.08 0.08 0.0 0.12 
o.com.cn~0.25 0.57 0.0 0.0 0.0 0.0 0.0 0.0 0.0 0.18 
ww.cninf~0.25 0.57 0.0 0.0 0.0 0.0 0.0 0.0 0.0 0.18 
三相费控智能电能表~0.21 0.13 0.12 0.12 0.1 0.08 0.08 0.07 0.0 0.08 
上海东自电气股份有限公司~0.03 0.21 0.21 0.12 0.12 0.09 0.09 0.0 0.0 0.15 
中核国缆宣化县新能源有限公司~0.16 0.15 0.14 0.09 0.09 0.09 0.08 0.08 0.0 0.12 
中核国缆新能源有限公司~0.16 0.15 0.14 0.09 0.09 0.09 0.08 0.08 0.0 0.12 
乌兰察布市陆辉光伏发电有限公司~0.16 0.15 0.14 0.09 0.09 0.09 0.08 0.08 0.0 0.12 
乌兰浩特科陆怡景园新能源科技有限公司~0.16 0.15 0.14 0.09 0.09 0.09 0.08 0.08 0.0 0.12 
乌鲁木齐陆辉新能源有限公司~0.16 0.15 0.14 0.09 0.09 0.09 0.08 0.08 0.0 0.12 
二连浩特市科陆景祺太阳能发电科技有限公司~0.16 0.15 0.14 0.09 0.09 0.09 0.08 0.08 0.0 0.12 
内蒙古京能陆阳光伏发电有限公司~0.16 0.15 0.14 0.09 0.09 0.09 0.08 0.08 0.0 0.12 
内蒙古杭锦旗陆辉能源服务有限公司~0.16 0.15 0.14 0.09 0.09 0.09 0.08 0.08 0.0 0.12 
北京市科陆新能源投资有限公司~0.16 0.15 0.14 0.09 0.09 0.09 0.08 0.08 0.0 0.12 
卓资县陆阳新能源有限公司~0.16 0.15 0.14 0.09 0.09 0.09 0.08 0.08 0.0 0.12 
哈密市锦城新能源有限公司~0.16 0.15 0.14 0.09 0.09 0.09 0.08 0.08 0.0 0.12 
四川科陆工程技术咨询有限公司~0.16 0.15 0.14 0.09 0.09 0.09 0.08 0.08 0.0 0.12 
四川锐南电力建设工程有限公司~0.16 0.15 0.14 0.09 0.09 0.09 0.08 0.08 0.0 0.12 
墨玉县新特汇能光伏发电有限责任公司~0.16 0.15 0.14 0.09 0.09 0.09 0.08 0.08 0.0 0.12 
宁夏同心日升光伏发电有限公司~0.16 0.15 0.14 0.09 0.09 0.09 0.08 0.08 0.0 0.12 
宜兴市同德能源科技有限公司~0.16 0.15 0.14 0.09 0.09 0.09 0.08 0.08 0.0 0.12 
库尔勒新特汇能能源有限责任公司~0.16 0.15 0.14 0.09 0.09 0.09 0.08 0.08 0.0 0.12 
康保县瑞凯新能源开发有限公司~0.16 0.15 0.14 0.09 0.09 0.09 0.08 0.08 0.0 0.12 
张北科源新能源科技有限公司~0.16 0.15 0.14 0.09 0.09 0.09 0.08 0.08 0.0 0.12 
张北陆辉新能源科技有限公司~0.16 0.15 0.14 0.09 0.09 0.09 0.08 0.08 0.0 0.12 
成都乾诚科技有限责任公司~0.04 0.14 0.14 0.11 0.11 0.1 0.09 0.08 0.07 0.11 
托克逊县东丰风力发电有限公司~0.16 0.15 0.14 0.09 0.09 0.09 0.08 0.08 0.0 0.12 
新能源汽车移动充电宝~0.21 0.13 0.12 0.12 0.1 0.08 0.08 0.07 0.0 0.08 
杭锦后旗国电光伏发电有限公司~0.16 0.15 0.14 0.09 0.09 0.09 0.08 0.08 0.0 0.12 
正镶白旗陆润风电能源服务有限公司~0.16 0.15 0.14 0.09 0.09 0.09 0.08 0.08 0.0 0.12 
武汉市科陆电子科技有限公司~0.16 0.15 0.14 0.09 0.09 0.09 0.08 0.08 0.0 0.12 
沈阳科陆电子科技有限公司~0.16 0.15 0.14 0.09 0.09 0.09 0.08 0.08 0.0 0.12 
河北子德新能源开发有限公司~0.16 0.15 0.14 0.09 0.09 0.09 0.08 0.08 0.0 0.12 
深圳市中电绿源新能源汽车发展有限公司~0.16 0.15 0.14 0.09 0.09 0.09 0.08 0.08 0.0 0.12 
深圳市中电绿源纯电动汽车运营有限公司~0.16 0.15 0.14 0.09 0.09 0.09 0.08 0.08 0.0 0.12 
深圳市智能清洁能源研究院~0.18 0.17 0.15 0.1 0.1 0.1 0.09 0.09 0.0 0.02 
深圳市科陆物业管理有限公司~0.16 0.15 0.14 0.09 0.09 0.09 0.08 0.08 0.0 0.12 
深圳市科陆电子科技合肥有限公司~0.16 0.15 0.14 0.09 0.09 0.09 0.08 0.08 0.0 0.12 
深圳市科陆电源技术有限公司~0.03 0.21 0.21 0.12 0.12 0.09 0.09 0.0 0.0 0.15 
深圳市科陆绿能节能环保有限公司~0.16 0.15 0.14 0.09 0.09 0.09 0.08 0.08 0.0 0.12 
深圳市科陆驱动技术有限公司~0.03 0.21 0.21 0.12 0.12 0.09 0.09 0.0 0.0 0.15 
湛江市中电绿源新能源汽车运营有限公司~0.16 0.15 0.14 0.09 0.09 0.09 0.08 0.08 0.0 0.12 
百年金海科技有限公司~0.16 0.15 0.14 0.09 0.09 0.09 0.08 0.08 0.0 0.12 
苏州科陆东自机电工程有限公司~0.04 0.14 0.14 0.11 0.11 0.1 0.09 0.08 0.07 0.11 
鄂托克旗科陆天泽源新能源科技有限公司~0.16 0.15 0.14 0.09 0.09 0.09 0.08 0.08 0.0 0.12 
长沙市科陆电子科技有限公司~0.16 0.15 0.14 0.09 0.09 0.09 0.08 0.08 0.0 0.12 
长白朝鲜族自治县科陆润达新能源科技有限公司~0.16 0.15 0.14 0.09 0.09 0.09 0.08 0.08 0.0 0.12 
高密市科陆润达新能源科技有限公司~0.16 0.15 0.14 0.09 0.09 0.09 0.08 0.08 0.0 0.12 
深圳市证通电子股份有限公司(:)
四川蜀信易电子商务有限公司~0.03 0.21 0.21 0.12 0.12 0.09 0.09 0.0 0.0 0.15 
深圳市麦捷微电子科技股份有限公司(:)
星源电子科技（深圳）有限公司~0.03 0.21 0.21 0.12 0.12 0.09 0.09 0.0 0.0 0.15 
浙江长兴电子厂有限公司~0.03 0.21 0.21 0.12 0.12 0.09 0.09 0.0 0.0 0.15 
深圳市麦高锐科技有限公司~0.03 0.21 0.21 0.12 0.12 0.09 0.09 0.0 0.0 0.15 
苏州麦捷灿勤电子元件有限公司~0.03 0.21 0.21 0.12 0.12 0.09 0.09 0.0 0.0 0.15 
香港麦捷电子贸易有限公司~0.03 0.21 0.21 0.12 0.12 0.09 0.09 0.0 0.0 0.15 
深圳翰宇药业股份有限公司(:)
r-D-谷氨酸-D-色氨酸钠~0.07 0.13 0.13 0.12 0.11 0.11 0.1 0.09 0.08 0.06 
r-D-谷氨酸-D-色氨酸钠注射液~0.07 0.13 0.13 0.12 0.11 0.11 0.1 0.09 0.08 0.06 
依替巴肽（爱啡肽）~0.19 0.19 0.13 0.11 0.09 0.09 0.07 0.06 0.0 0.08 
克拉霉素缓释片~0.07 0.13 0.13 0.12 0.11 0.11 0.1 0.09 0.08 0.06 
利拉鲁肽及利拉鲁肽注射液~0.07 0.13 0.13 0.12 0.11 0.11 0.1 0.09 0.08 0.06 
别嘌醇缓释胶囊~0.07 0.13 0.13 0.12 0.11 0.11 0.1 0.09 0.08 0.06 
单硝酸异山梨酯缓释片~0.07 0.13 0.13 0.12 0.11 0.11 0.1 0.09 0.08 0.06 
卡培立肽及注射用卡培立肽~0.07 0.13 0.13 0.12 0.11 0.11 0.1 0.09 0.08 0.06 
卡贝缩宫素及卡贝缩宫素注射液~0.07 0.13 0.13 0.12 0.11 0.11 0.1 0.09 0.08 0.06 
埃索美拉唑钠与注射用埃索美拉唑钠~0.15 0.13 0.12 0.12 0.11 0.11 0.1 0.1 0.0 0.07 
奈西立肽~0.19 0.19 0.13 0.11 0.09 0.09 0.07 0.06 0.0 0.08 
奈西立肽及注射用奈西立肽~0.07 0.13 0.13 0.12 0.11 0.11 0.1 0.09 0.08 0.06 
富马酸喹硫平缓释片~0.07 0.13 0.13 0.12 0.11 0.11 0.1 0.09 0.08 0.06 
布美他尼注射液~0.15 0.13 0.12 0.12 0.11 0.11 0.1 0.1 0.0 0.07 
替可克肽及替可克肽锌混悬注射液~0.07 0.13 0.13 0.12 0.11 0.11 0.1 0.09 0.08 0.06 
比伐卢定~0.19 0.19 0.13 0.11 0.09 0.09 0.07 0.06 0.0 0.08 
注射用托拉塞米~0.15 0.13 0.12 0.12 0.11 0.11 0.1 0.1 0.0 0.07 
注射用甲磺酸加贝酯~0.15 0.13 0.12 0.12 0.11 0.11 0.1 0.1 0.0 0.07 
爱啡肽注射液~0.19 0.19 0.13 0.11 0.09 0.09 0.07 0.06 0.0 0.08 
琥珀酸美托洛尔非洛地平缓释片~0.07 0.13 0.13 0.12 0.11 0.11 0.1 0.09 0.08 0.06 
甲磺酸溴隐亭片（溴麦角环肽）~0.07 0.13 0.13 0.12 0.11 0.11 0.1 0.09 0.08 0.06 
盐酸曲美他嗪片~0.15 0.13 0.12 0.12 0.11 0.11 0.1 0.1 0.0 0.07 
盐酸曲美他嗪缓释片~0.07 0.13 0.13 0.12 0.11 0.11 0.1 0.09 0.08 0.06 
盐酸氨溴索片~0.15 0.13 0.12 0.12 0.11 0.11 0.1 0.1 0.0 0.07 
盐酸氨溴索缓释片~0.07 0.13 0.13 0.12 0.11 0.11 0.1 0.09 0.08 0.06 
盐酸维拉帕米缓释片~0.07 0.13 0.13 0.12 0.11 0.11 0.1 0.09 0.08 0.06 
缬沙坦氨氯地平片~0.15 0.13 0.12 0.12 0.11 0.11 0.1 0.1 0.0 0.07 
褪黑素缓释片~0.07 0.13 0.13 0.12 0.11 0.11 0.1 0.09 0.08 0.06 
醋酸普兰林肽及醋酸普兰林肽注射液~0.07 0.13 0.13 0.12 0.11 0.11 0.1 0.09 0.08 0.06 
醋酸格拉替雷及醋酸格拉替雷注射液~0.07 0.13 0.13 0.12 0.11 0.11 0.1 0.09 0.08 0.06 
雷贝拉唑钠肠溶胶囊~0.07 0.13 0.13 0.12 0.11 0.11 0.1 0.09 0.08 0.06 
齐考诺肽及齐考诺肽鞘内输注液~0.07 0.13 0.13 0.12 0.11 0.11 0.1 0.09 0.08 0.06 
漳州片仔癀药业股份有限公司(:)
上海清科宏锴投资管理合伙企业~0.03 0.21 0.21 0.12 0.12 0.09 0.09 0.0 0.0 0.15 
上海清科片仔癀投资管理中心~0.03 0.24 0.24 0.13 0.13 0.1 0.1 0.0 0.0 0.03 
华润片仔癀药业有限公司~0.28 0.15 0.15 0.15 0.12 0.0 0.0 0.0 0.0 0.17 
厦门片仔癀投资有限公司~0.03 0.21 0.21 0.12 0.12 0.09 0.09 0.0 0.0 0.15 
川贝清肺糖~0.75 0.0 0.0 0.0 0.0 0.0 0.0 0.0 0.0 0.25 
漳州兴证片仔癀股权投资管理有限公司~0.03 0.21 0.21 0.12 0.12 0.09 0.09 0.0 0.0 0.15 
片仔癀宏仁（厦门）大药房有限公司~0.03 0.21 0.21 0.12 0.12 0.09 0.09 0.0 0.0 0.15 
片仔癀（漳州）医药有限公司~0.03 0.21 0.21 0.12 0.12 0.09 0.09 0.0 0.0 0.15 
福建同春药业股份有限公司~0.28 0.15 0.15 0.15 0.12 0.0 0.0 0.0 0.0 0.17 
福建片仔癀保健食品有限公司~0.03 0.21 0.21 0.12 0.12 0.09 0.09 0.0 0.0 0.15 
福建片仔癀医疗器械科技有限公司~0.03 0.21 0.21 0.12 0.12 0.09 0.09 0.0 0.0 0.15 
福建片仔癀电子商务有限公司~0.03 0.21 0.21 0.12 0.12 0.09 0.09 0.0 0.0 0.15 
福建片仔癀诊断技术有限公司~0.03 0.21 0.21 0.12 0.12 0.09 0.09 0.0 0.0 0.15 
福建片仔癀银之杰健康管理有限公司~0.03 0.21 0.21 0.12 0.12 0.09 0.09 0.0 0.0 0.15 
灵康药业集团股份有限公司(:)
噻奈普汀钠片~0.09 0.14 0.13 0.11 0.1 0.1 0.09 0.09 0.08 0.06 
复方布洛芬法莫替丁片剂~0.1 0.21 0.21 0.11 0.11 0.11 0.08 0.0 0.0 0.08 
复方阿司匹林兰索拉唑片~0.1 0.21 0.21 0.11 0.11 0.11 0.08 0.0 0.0 0.08 
头孢地尼胶囊~0.09 0.14 0.13 0.11 0.1 0.1 0.09 0.09 0.08 0.06 
头孢地尼颗粒~0.09 0.14 0.13 0.11 0.1 0.1 0.09 0.09 0.08 0.06 
头孢泊肟酯分散片~0.09 0.14 0.13 0.11 0.1 0.1 0.09 0.09 0.08 0.06 
头孢特仑新戊酯~0.09 0.14 0.13 0.11 0.1 0.1 0.09 0.09 0.08 0.06 
尼扎替丁胶囊~0.09 0.14 0.13 0.11 0.1 0.1 0.09 0.09 0.08 0.06 
替米沙坦分散片~0.09 0.14 0.13 0.11 0.1 0.1 0.09 0.09 0.08 0.06 
比索洛尔氢氯噻嗪片~0.09 0.14 0.13 0.11 0.1 0.1 0.09 0.09 0.08 0.06 
氟康唑胶囊~0.09 0.14 0.13 0.11 0.1 0.1 0.09 0.09 0.08 0.06 
氨曲南吸入溶液~0.1 0.21 0.21 0.11 0.11 0.11 0.08 0.0 0.0 0.08 
注射用依前列醇钠~0.09 0.14 0.13 0.11 0.1 0.1 0.09 0.09 0.08 0.06 
炎琥宁注射液~0.1 0.21 0.21 0.11 0.11 0.11 0.08 0.0 0.0 0.08 
盐酸帕罗西汀肠溶缓释片~0.09 0.14 0.13 0.11 0.1 0.1 0.09 0.09 0.08 0.06 
美兰史克~0.09 0.14 0.12 0.11 0.1 0.09 0.09 0.09 0.08 0.1 
美大制药~0.09 0.14 0.12 0.11 0.1 0.09 0.09 0.09 0.08 0.1 
酮洛芬奥美拉唑缓释胶囊~0.09 0.14 0.13 0.11 0.1 0.1 0.09 0.09 0.08 0.06 
阿伐那非分散片~0.09 0.14 0.13 0.11 0.1 0.1 0.09 0.09 0.08 0.06 
阿托伐他汀钙分散片~0.09 0.14 0.13 0.11 0.1 0.1 0.09 0.09 0.08 0.06 
盈方微电子股份有限公司(:)
Declaration Title Company,LLC ~0.06 0.15 0.13 0.11 0.1 0.1 0.09 0.08 0.06 0.11 
High Sharp Electronics Limited~0.05 0.15 0.13 0.11 0.11 0.1 0.1 0.07 0.05 0.11 
NEWSKY INTERNATIONAL (HK) CO.,LIMITED~0.05 0.15 0.13 0.11 0.11 0.1 0.1 0.07 0.05 0.11 
SORING WISDOM CAPITAL LLC.~0.03 0.21 0.21 0.12 0.12 0.09 0.09 0.0 0.0 0.15 
Taiwan Semiconductor Manufacturing Company,Ltd~0.06 0.15 0.13 0.11 0.1 0.1 0.09 0.08 0.06 0.11 
上海政通建设发展有限公司~0.06 0.15 0.13 0.11 0.1 0.1 0.09 0.08 0.06 0.11 
易视腾科技有限公司~0.05 0.15 0.13 0.11 0.11 0.1 0.1 0.07 0.05 0.11 
深圳市大坦数码电子有限公司~0.05 0.15 0.13 0.11 0.11 0.1 0.1 0.07 0.05 0.11 
福安药业（集团）股份有限公司(:)
《R-盐酸昂丹司琼》~0.08 0.17 0.17 0.12 0.1 0.08 0.08 0.06 0.06 0.07 
《R-盐酸昂丹司琼注射液》~0.08 0.17 0.17 0.12 0.1 0.08 0.08 0.06 0.06 0.07 
《依折麦布》~0.08 0.17 0.17 0.12 0.1 0.08 0.08 0.06 0.06 0.07 
《依折麦布片》~0.08 0.17 0.17 0.12 0.1 0.08 0.08 0.06 0.06 0.07 
《克林霉素磷酸酯》~0.08 0.17 0.17 0.12 0.1 0.08 0.08 0.06 0.06 0.07 
《卡培他滨》~0.08 0.17 0.17 0.12 0.1 0.08 0.08 0.06 0.06 0.07 
《卡培他滨片》~0.08 0.17 0.17 0.12 0.1 0.08 0.08 0.06 0.06 0.07 
《双丙戊酸钠》~0.08 0.17 0.17 0.12 0.1 0.08 0.08 0.06 0.06 0.07 
《吸入用硫酸沙丁胺醇溶液》~0.08 0.17 0.17 0.12 0.1 0.08 0.08 0.06 0.06 0.07 
《埃索美拉唑钠》~0.08 0.17 0.17 0.12 0.1 0.08 0.08 0.06 0.06 0.07 
《多索茶碱注射液》~0.08 0.17 0.17 0.12 0.1 0.08 0.08 0.06 0.06 0.07 
《头孢丙烯片》~0.08 0.17 0.17 0.12 0.1 0.08 0.08 0.06 0.06 0.07 
《头孢匹胺》~0.08 0.17 0.17 0.12 0.1 0.08 0.08 0.06 0.06 0.07 
《头孢地嗪钠》~0.08 0.17 0.17 0.12 0.1 0.08 0.08 0.06 0.06 0.07 
《头孢地尼》~0.08 0.17 0.17 0.12 0.1 0.08 0.08 0.06 0.06 0.07 
《头孢地尼胶囊》~0.08 0.17 0.17 0.12 0.1 0.08 0.08 0.06 0.06 0.07 
《头孢孟多酯钠》~0.08 0.17 0.17 0.12 0.1 0.08 0.08 0.06 0.06 0.07 
《头孢拉宗》~0.08 0.17 0.17 0.12 0.1 0.08 0.08 0.06 0.06 0.07 
《头孢替坦》~0.08 0.17 0.17 0.12 0.1 0.08 0.08 0.06 0.06 0.07 
《奥拉西坦》~0.08 0.17 0.17 0.12 0.1 0.08 0.08 0.06 0.06 0.07 
《奥拉西坦注射液》~0.08 0.17 0.17 0.12 0.1 0.08 0.08 0.06 0.06 0.07 
《奥拉西坦胶囊》~0.08 0.17 0.17 0.12 0.1 0.08 0.08 0.06 0.06 0.07 
《富马酸替诺福韦二吡呋酯》~0.08 0.17 0.17 0.12 0.1 0.08 0.08 0.06 0.06 0.07 
《富马酸替诺福韦二吡呋酯片》~0.08 0.17 0.17 0.12 0.1 0.08 0.08 0.06 0.06 0.07 
《左乙拉西坦》~0.08 0.17 0.17 0.12 0.1 0.08 0.08 0.06 0.06 0.07 
《左乙拉西坦片》~0.08 0.17 0.17 0.12 0.1 0.08 0.08 0.06 0.06 0.07 
《布洛芬注射液》~0.08 0.17 0.17 0.12 0.1 0.08 0.08 0.06 0.06 0.07 
《帕拉米韦三水合物》~0.08 0.17 0.17 0.12 0.1 0.08 0.08 0.06 0.06 0.07 
《帕拉米韦三水合物注射液》~0.08 0.17 0.17 0.12 0.1 0.08 0.08 0.06 0.06 0.07 
《托伐普坦》~0.08 0.17 0.17 0.12 0.1 0.08 0.08 0.06 0.06 0.07 
《托伐普坦片》~0.08 0.17 0.17 0.12 0.1 0.08 0.08 0.06 0.06 0.07 
《拉氧头孢钠》~0.08 0.17 0.17 0.12 0.1 0.08 0.08 0.06 0.06 0.07 
《拉科酰胺》~0.08 0.17 0.17 0.12 0.1 0.08 0.08 0.06 0.06 0.07 
《拉科酰胺注射液》~0.08 0.17 0.17 0.12 0.1 0.08 0.08 0.06 0.06 0.07 
《拉科酰胺片》~0.08 0.17 0.17 0.12 0.1 0.08 0.08 0.06 0.06 0.07 
《替加环素》~0.08 0.17 0.17 0.12 0.1 0.08 0.08 0.06 0.06 0.07 
《枸橼酸莫沙必利》~0.08 0.17 0.17 0.12 0.1 0.08 0.08 0.06 0.06 0.07 
《格拉司琼》~0.08 0.17 0.17 0.12 0.1 0.08 0.08 0.06 0.06 0.07 
《氟氯西林钠》~0.08 0.17 0.17 0.12 0.1 0.08 0.08 0.06 0.06 0.07 
《注射用克林霉素磷酸酯》~0.08 0.17 0.17 0.12 0.1 0.08 0.08 0.06 0.06 0.07 
《注射用兰索拉唑》~0.08 0.17 0.17 0.12 0.1 0.08 0.08 0.06 0.06 0.07 
《注射用哌拉西林钠他唑巴坦》~0.08 0.17 0.17 0.12 0.1 0.08 0.08 0.06 0.06 0.07 
《注射用埃索美拉唑钠》~0.08 0.17 0.17 0.12 0.1 0.08 0.08 0.06 0.06 0.07 
《注射用头孢哌酮钠他唑巴坦钠》~0.08 0.17 0.17 0.12 0.1 0.08 0.08 0.06 0.06 0.07 
《注射用头孢孟多酯钠》~0.08 0.17 0.17 0.12 0.1 0.08 0.08 0.06 0.06 0.07 
《注射用头孢拉宗》~0.08 0.17 0.17 0.12 0.1 0.08 0.08 0.06 0.06 0.07 
《注射用头孢替坦》~0.08 0.17 0.17 0.12 0.1 0.08 0.08 0.06 0.06 0.07 
《注射用拉氧头孢钠》~0.08 0.17 0.17 0.12 0.1 0.08 0.08 0.06 0.06 0.07 
《注射用替加环素》~0.08 0.17 0.17 0.12 0.1 0.08 0.08 0.06 0.06 0.07 
《注射用氟氯西林钠》~0.08 0.17 0.17 0.12 0.1 0.08 0.08 0.06 0.06 0.07 
《注射用氨曲南》~0.08 0.17 0.17 0.12 0.1 0.08 0.08 0.06 0.06 0.07 
《注射用甲泼尼龙琥珀酸钠》~0.08 0.17 0.17 0.12 0.1 0.08 0.08 0.06 0.06 0.07 
《注射用盐酸头孢替安》~0.08 0.17 0.17 0.12 0.1 0.08 0.08 0.06 0.06 0.07 
《注射用盐酸头孢甲肟》~0.08 0.17 0.17 0.12 0.1 0.08 0.08 0.06 0.06 0.07 
《注射用美洛西林钠舒巴坦钠》~0.08 0.17 0.17 0.12 0.1 0.08 0.08 0.06 0.06 0.07 
《注射用还原型谷胱甘肽》~0.08 0.17 0.17 0.12 0.1 0.08 0.08 0.06 0.06 0.07 
《注射用门冬氨酸鸟氨酸》~0.08 0.17 0.17 0.12 0.1 0.08 0.08 0.06 0.06 0.07 
《注射用间苯三酚》~0.08 0.17 0.17 0.12 0.1 0.08 0.08 0.06 0.06 0.07 
《注射用阿莫西林钠氟氯西林》~0.08 0.17 0.17 0.12 0.1 0.08 0.08 0.06 0.06 0.07 
《灭菌注射用水》~0.08 0.17 0.17 0.12 0.1 0.08 0.08 0.06 0.06 0.07 
《牛磺熊去氧胆酸》~0.08 0.17 0.17 0.12 0.1 0.08 0.08 0.06 0.06 0.07 
《牛磺熊去氧胆酸胶囊》~0.08 0.17 0.17 0.12 0.1 0.08 0.08 0.06 0.06 0.07 
《瑞巴派特》~0.08 0.17 0.17 0.12 0.1 0.08 0.08 0.06 0.06 0.07 
《瑞格列奈》~0.08 0.17 0.17 0.12 0.1 0.08 0.08 0.06 0.06 0.07 
《瑞格列奈片》~0.08 0.17 0.17 0.12 0.1 0.08 0.08 0.06 0.06 0.07 
《甲磺酸伊马替尼》~0.08 0.17 0.17 0.12 0.1 0.08 0.08 0.06 0.06 0.07 
《甲磺酸伊马替尼片》~0.08 0.17 0.17 0.12 0.1 0.08 0.08 0.06 0.06 0.07 
《甲磺酸伊马替尼胶囊》~0.08 0.17 0.17 0.12 0.1 0.08 0.08 0.06 0.06 0.07 
《盐酸乐卡地平》~0.08 0.17 0.17 0.12 0.1 0.08 0.08 0.06 0.06 0.07 
《盐酸乐卡地平片》~0.08 0.17 0.17 0.12 0.1 0.08 0.08 0.06 0.06 0.07 
《盐酸厄洛替尼》~0.08 0.17 0.17 0.12 0.1 0.08 0.08 0.06 0.06 0.07 
《盐酸厄洛替尼片》~0.08 0.17 0.17 0.12 0.1 0.08 0.08 0.06 0.06 0.07 
《盐酸头孢替安》~0.08 0.17 0.17 0.12 0.1 0.08 0.08 0.06 0.06 0.07 
《盐酸头孢甲肟》~0.08 0.17 0.17 0.12 0.1 0.08 0.08 0.06 0.06 0.07 
《盐酸奈必洛尔》~0.08 0.17 0.17 0.12 0.1 0.08 0.08 0.06 0.06 0.07 
《盐酸奈必洛尔片》~0.08 0.17 0.17 0.12 0.1 0.08 0.08 0.06 0.06 0.07 
《盐酸托烷司琼注射液》~0.08 0.17 0.17 0.12 0.1 0.08 0.08 0.06 0.06 0.07 
《盐酸氨溴索注射液》~0.08 0.17 0.17 0.12 0.1 0.08 0.08 0.06 0.06 0.07 
《盐酸莫西沙星注射液》~0.08 0.17 0.17 0.12 0.1 0.08 0.08 0.06 0.06 0.07 
《盐酸西那卡塞》~0.08 0.17 0.17 0.12 0.1 0.08 0.08 0.06 0.06 0.07 
《盐酸西那卡塞片》~0.08 0.17 0.17 0.12 0.1 0.08 0.08 0.06 0.06 0.07 
《硫酸氢氯吡格雷》~0.08 0.17 0.17 0.12 0.1 0.08 0.08 0.06 0.06 0.07 
《硫酸氢氯吡格雷片》~0.08 0.17 0.17 0.12 0.1 0.08 0.08 0.06 0.06 0.07 
《硫酸羟氯喹》~0.08 0.17 0.17 0.12 0.1 0.08 0.08 0.06 0.06 0.07 
《硫酸羟氯喹片》~0.08 0.17 0.17 0.12 0.1 0.08 0.08 0.06 0.06 0.07 
《索非布韦》~0.08 0.17 0.17 0.12 0.1 0.08 0.08 0.06 0.06 0.07 
《索非布韦片》~0.08 0.17 0.17 0.12 0.1 0.08 0.08 0.06 0.06 0.07 
《罗库溴铵注射液》~0.08 0.17 0.17 0.12 0.1 0.08 0.08 0.06 0.06 0.07 
《还原型谷胱甘肽片》~0.08 0.17 0.17 0.12 0.1 0.08 0.08 0.06 0.06 0.07 
《门冬氨酸鸟氨酸注射液》~0.08 0.17 0.17 0.12 0.1 0.08 0.08 0.06 0.06 0.07 
《门冬氨酸鸟氨酸颗粒》~0.08 0.17 0.17 0.12 0.1 0.08 0.08 0.06 0.06 0.07 
《间苯三酚》~0.08 0.17 0.17 0.12 0.1 0.08 0.08 0.06 0.06 0.07 
《阿加曲班》~0.08 0.17 0.17 0.12 0.1 0.08 0.08 0.06 0.06 0.07 
《阿加曲班注射液》~0.08 0.17 0.17 0.12 0.1 0.08 0.08 0.06 0.06 0.07 
《阿戈美拉汀》~0.08 0.17 0.17 0.12 0.1 0.08 0.08 0.06 0.06 0.07 
《阿戈美拉汀片》~0.08 0.17 0.17 0.12 0.1 0.08 0.08 0.06 0.06 0.07 
《阿立哌唑》~0.08 0.17 0.17 0.12 0.1 0.08 0.08 0.06 0.06 0.07 
《阿立哌唑片》~0.08 0.17 0.17 0.12 0.1 0.08 0.08 0.06 0.06 0.07 
云南广升誉医药有限公司~0.05 0.15 0.13 0.11 0.11 0.1 0.1 0.07 0.05 0.11 
化工有限公司~0.22 0.5 0.0 0.0 0.0 0.0 0.0 0.0 0.0 0.29 
天衡制药~0.03 0.21 0.21 0.12 0.12 0.09 0.09 0.0 0.0 0.15 
安徽华源医药股份有限公司~0.05 0.15 0.13 0.11 0.11 0.1 0.1 0.07 0.05 0.11 
武汉人福药业有限责任公司~0.05 0.15 0.13 0.11 0.11 0.1 0.1 0.07 0.05 0.11 
瑞阳制药有限公司~0.05 0.15 0.13 0.11 0.11 0.1 0.1 0.07 0.05 0.11 
福安药业集团宁波天衡制药有限公司~0.03 0.21 0.21 0.12 0.12 0.09 0.09 0.0 0.0 0.15 
药品生~0.22 0.5 0.0 0.0 0.0 0.0 0.0 0.0 0.0 0.29 
重庆汇生医药有限公司~0.05 0.15 0.13 0.11 0.11 0.1 0.1 0.07 0.05 0.11 
金及发~0.22 0.5 0.0 0.0 0.0 0.0 0.0 0.0 0.0 0.29 
积成电子股份有限公司(:)
上海联能仪表有限公司~0.06 0.15 0.13 0.11 0.1 0.1 0.09 0.08 0.06 0.11 
北京四方继保工程技术有限公司~0.06 0.15 0.13 0.11 0.1 0.1 0.09 0.08 0.06 0.11 
北京赛宝通信技术有限公司~0.06 0.15 0.13 0.11 0.1 0.1 0.09 0.08 0.06 0.11 
国网山东省电力公司物资公司~0.05 0.15 0.13 0.11 0.11 0.1 0.1 0.07 0.05 0.11 
国网河北省电力公司物资分公司~0.05 0.15 0.13 0.11 0.11 0.1 0.1 0.07 0.05 0.11 
国网福建省电力有限公司~0.05 0.15 0.13 0.11 0.11 0.1 0.1 0.07 0.05 0.11 
国网辽宁省电力有限公司~0.05 0.15 0.13 0.11 0.11 0.1 0.1 0.07 0.05 0.11 
国网陕西省电力公司~0.05 0.15 0.13 0.11 0.11 0.1 0.1 0.07 0.05 0.11 
武汉兴通力电源技术有限公司~0.06 0.15 0.13 0.11 0.1 0.1 0.09 0.08 0.06 0.11 
青岛高科通信股份有限公司~0.06 0.15 0.13 0.11 0.1 0.1 0.09 0.08 0.06 0.11 
联创电子科技股份有限公司(:)
江西联创电子有限公司~0.03 0.21 0.21 0.12 0.12 0.09 0.09 0.0 0.0 0.15 
芜湖亚夏汽车股份有限公司(:)
一汽-大众销售有限责任公司~0.06 0.15 0.13 0.11 0.1 0.1 0.09 0.08 0.06 0.11 
上汽通用汽车销售有限公司~0.06 0.15 0.13 0.11 0.1 0.1 0.09 0.08 0.06 0.11 
上海上汽大众汽车销售有限公司~0.06 0.15 0.13 0.11 0.1 0.1 0.09 0.08 0.06 0.11 
亳州亚夏众爱汽车销售服务有限公司~0.03 0.21 0.21 0.12 0.12 0.09 0.09 0.0 0.0 0.15 
北京现代汽车有限公司~0.06 0.15 0.13 0.11 0.1 0.1 0.09 0.08 0.06 0.11 
合肥亚夏悦宾汽车销售服务有限公司~0.03 0.21 0.21 0.12 0.12 0.09 0.09 0.0 0.0 0.15 
合肥亚夏机动车驾驶员培训有限公司~0.03 0.21 0.21 0.12 0.12 0.09 0.09 0.0 0.0 0.15 
天长市洁美汽车销售服务有限公司~0.05 0.15 0.13 0.11 0.11 0.1 0.1 0.07 0.05 0.11 
宁国市中溪亚夏机动车驾驶员培训有限公司~0.03 0.21 0.21 0.12 0.12 0.09 0.09 0.0 0.0 0.15 
安徽亚夏易众电子商务有限公司~0.03 0.21 0.21 0.12 0.12 0.09 0.09 0.0 0.0 0.15 
安徽易驾网络科技有限公司~0.03 0.21 0.21 0.12 0.12 0.09 0.09 0.0 0.0 0.15 
安徽省庐江县大江汽车贸易有限公司~0.05 0.15 0.13 0.11 0.11 0.1 0.1 0.07 0.05 0.11 
安徽省庐江县星锐汽车贸易有限公司~0.05 0.15 0.13 0.11 0.11 0.1 0.1 0.07 0.05 0.11 
宣城一汽大众汽车~0.22 0.5 0.0 0.0 0.0 0.0 0.0 0.0 0.0 0.29 
宣城亚众~0.03 0.21 0.21 0.12 0.12 0.09 0.09 0.0 0.0 0.15 
宣城亚信旧机动鉴定评估有限公司~0.03 0.21 0.21 0.12 0.12 0.09 0.09 0.0 0.0 0.15 
宣城福特~0.03 0.21 0.21 0.12 0.12 0.09 0.09 0.0 0.0 0.15 
巢湖亚威汽车销售服务有限公司~0.03 0.21 0.21 0.12 0.12 0.09 0.09 0.0 0.0 0.15 
广州本田~0.03 0.21 0.21 0.12 0.12 0.09 0.09 0.0 0.0 0.15 
广德县中豪汽车销售服务有限公司~0.05 0.15 0.13 0.11 0.11 0.1 0.1 0.07 0.05 0.11 
广德运通汽车销售有限公司~0.05 0.15 0.13 0.11 0.11 0.1 0.1 0.07 0.05 0.11 
怀宁亚夏万辰机动车驾驶员培训学校有限公司~0.03 0.21 0.21 0.12 0.12 0.09 0.09 0.0 0.0 0.15 
滁州凯德~0.03 0.21 0.21 0.12 0.12 0.09 0.09 0.0 0.0 0.15 
芜湖亚信旧机动鉴定评估有限公司~0.03 0.21 0.21 0.12 0.12 0.09 0.09 0.0 0.0 0.15 
芜湖亚夏众捷汽车销售服务有限公司~0.03 0.21 0.21 0.12 0.12 0.09 0.09 0.0 0.0 0.15 
芜湖别克~0.03 0.21 0.21 0.12 0.12 0.09 0.09 0.0 0.0 0.15 
芜湖广汽丰田汽车~0.22 0.5 0.0 0.0 0.0 0.0 0.0 0.0 0.0 0.29 
芜湖现代~0.03 0.21 0.21 0.12 0.12 0.09 0.09 0.0 0.0 0.15 
芜湖瑞麒威麟汽车~0.22 0.5 0.0 0.0 0.0 0.0 0.0 0.0 0.0 0.29 
芜湖福兆~0.03 0.21 0.21 0.12 0.12 0.09 0.09 0.0 0.0 0.15 
芜湖驾校~0.03 0.21 0.21 0.12 0.12 0.09 0.09 0.0 0.0 0.15 
长安福特汽车有限公司销售分公司~0.06 0.15 0.13 0.11 0.1 0.1 0.09 0.08 0.06 0.11 
黄山亚新~0.03 0.21 0.21 0.12 0.12 0.09 0.09 0.0 0.0 0.15 
黄山北京现代汽车~0.22 0.5 0.0 0.0 0.0 0.0 0.0 0.0 0.0 0.29 
荣信电力电子股份有限公司(:)
北京信力筑正新能源股份有限公司~0.03 0.21 0.21 0.12 0.12 0.09 0.09 0.0 0.0 0.15 
北京荣信慧科科技有限公司~0.03 0.21 0.21 0.12 0.12 0.09 0.09 0.0 0.0 0.15 
北京荣科恒阳整流技术有限公司~0.03 0.21 0.21 0.12 0.12 0.09 0.09 0.0 0.0 0.15 
山东荣信汇盛机电科技有限公司~0.03 0.21 0.21 0.12 0.12 0.09 0.09 0.0 0.0 0.15 
新疆荣信节能电气有限公司~0.03 0.21 0.21 0.12 0.12 0.09 0.09 0.0 0.0 0.15 
荣信电力工程DMCC公司~0.03 0.21 0.21 0.12 0.12 0.09 0.09 0.0 0.0 0.15 
荣信电力有限公司（英国）~0.03 0.21 0.21 0.12 0.12 0.09 0.09 0.0 0.0 0.15 
荣信股份控股有限公司（香港）~0.03 0.21 0.21 0.12 0.12 0.09 0.09 0.0 0.0 0.15 
诚和伟业（北京）科技发展有限责任公司~0.03 0.21 0.21 0.12 0.12 0.09 0.09 0.0 0.0 0.15 
辽宁荣信电机控制技术有限公司~0.03 0.21 0.21 0.12 0.12 0.09 0.09 0.0 0.0 0.15 
辽宁荣信电气传动技术有限责任公司~0.03 0.21 0.21 0.12 0.12 0.09 0.09 0.0 0.0 0.15 
辽宁荣信防爆电气技术有限公司~0.03 0.21 0.21 0.12 0.12 0.09 0.09 0.0 0.0 0.15 
葵花药业集团股份有限公司(:)
葵花药业集团（吉林）临江有限公司~0.03 0.21 0.21 0.12 0.12 0.09 0.09 0.0 0.0 0.15 
葵花药业集团（衡水）得菲尔有限公司~0.03 0.21 0.21 0.12 0.12 0.09 0.09 0.0 0.0 0.15 
葵花药业集团（重庆）有限公司~0.03 0.21 0.21 0.12 0.12 0.09 0.09 0.0 0.0 0.15 
黑龙江葵花药业股份有限公司~0.03 0.21 0.21 0.12 0.12 0.09 0.09 0.0 0.0 0.15 
襄阳汽车轴承股份有限公司(:)
BPW Bergische Achsen Kommanditgesellschaft~0.05 0.15 0.13 0.11 0.11 0.1 0.1 0.07 0.05 0.11 
PBF（华沙）限公司有~0.03 0.21 0.21 0.12 0.12 0.09 0.09 0.0 0.0 0.15 
TANGO LN spolka s r.o.~0.06 0.15 0.13 0.11 0.1 0.1 0.09 0.08 0.06 0.11 
东风德纳车桥有限公司~0.05 0.15 0.13 0.11 0.11 0.1 0.1 0.07 0.05 0.11 
宁波正凯机械有限公司~0.06 0.15 0.13 0.11 0.1 0.1 0.09 0.08 0.06 0.11 
广东富华~0.05 0.15 0.13 0.11 0.11 0.1 0.1 0.07 0.05 0.11 
武汉久泰伟业钢铁有限公司~0.06 0.15 0.13 0.11 0.1 0.1 0.09 0.08 0.06 0.11 
武汉市琛瑞商贸有限公司~0.06 0.15 0.13 0.11 0.1 0.1 0.09 0.08 0.06 0.11 
比亚迪~0.05 0.15 0.13 0.11 0.11 0.1 0.1 0.07 0.05 0.11 
波兰克拉希克滚尼动轴承股份有限公司~0.03 0.21 0.21 0.12 0.12 0.09 0.09 0.0 0.0 0.15 
湖北三环襄轴装备技术有限公司~0.03 0.21 0.21 0.12 0.12 0.09 0.09 0.0 0.0 0.15 
襄轴卢森堡投资有限公司~0.03 0.21 0.21 0.12 0.12 0.09 0.09 0.0 0.0 0.15 
襄轴香港投资有限公司~0.03 0.21 0.21 0.12 0.12 0.09 0.09 0.0 0.0 0.15 
襄轴（上海）国际贸易有限公司~0.03 0.21 0.21 0.12 0.12 0.09 0.09 0.0 0.0 0.15 
襄轴（法兰克福）有限公司~0.03 0.21 0.21 0.12 0.12 0.09 0.09 0.0 0.0 0.15 
襄阳宇清锻造有限公司~0.06 0.15 0.13 0.11 0.1 0.1 0.09 0.08 0.06 0.11 
襄阳普瑞斯轴承自动化设备有限公司~0.03 0.21 0.21 0.12 0.12 0.09 0.09 0.0 0.0 0.15 
贵州贵航汽车零部件股份有限公司(:)
上海永红汽车零部件有限公司~0.03 0.21 0.21 0.12 0.12 0.09 0.09 0.0 0.0 0.15 
上海红阳密封件有限责任公司~0.03 0.21 0.21 0.12 0.12 0.09 0.09 0.0 0.0 0.15 
北京大起空调有限公司~0.03 0.21 0.21 0.12 0.12 0.09 0.09 0.0 0.0 0.15 
天津贵航红阳密封件有限公司~0.03 0.21 0.21 0.12 0.12 0.09 0.09 0.0 0.0 0.15 
徐州贵航林得动力机械制造有限公司~0.03 0.21 0.21 0.12 0.12 0.09 0.09 0.0 0.0 0.15 
河北贵航鸿图汽车零部件有限公司~0.02 0.17 0.17 0.17 0.17 0.17 0.0 0.0 0.0 0.14 
贵州华昌汽车电器有限公司~0.03 0.21 0.21 0.12 0.12 0.09 0.09 0.0 0.0 0.15 
贵州华阳汽车零部件有限公司~0.02 0.17 0.17 0.17 0.17 0.17 0.0 0.0 0.0 0.14 
贵州华阳电工有限公司~0.03 0.21 0.21 0.12 0.12 0.09 0.09 0.0 0.0 0.15 
贵州橡六申一橡胶有限责任公司~0.03 0.21 0.21 0.12 0.12 0.09 0.09 0.0 0.0 0.15 
贵州红阳机械（集团）公司~0.03 0.21 0.21 0.12 0.12 0.09 0.09 0.0 0.0 0.15 
贵州贵航汽车零部件销售公司~0.02 0.17 0.17 0.17 0.17 0.17 0.0 0.0 0.0 0.14 
贵州贵航输送带有限公司~0.03 0.21 0.21 0.12 0.12 0.09 0.09 0.0 0.0 0.15 
贵阳万江航空机电有限公司~0.03 0.21 0.21 0.12 0.12 0.09 0.09 0.0 0.0 0.15 
贵阳华旭科技有限开发公司~0.02 0.17 0.17 0.17 0.17 0.17 0.0 0.0 0.0 0.14 
贵阳华科电镀有限公司~0.03 0.21 0.21 0.12 0.12 0.09 0.09 0.0 0.0 0.15 
重庆红阳汽车密封件有限公司~0.03 0.21 0.21 0.12 0.12 0.09 0.09 0.0 0.0 0.15 
跨境通宝电子商务股份有限公司(:)
上海风汇电子商务有限公司~0.03 0.21 0.21 0.12 0.12 0.09 0.09 0.0 0.0 0.15 
仓储物流~0.03 0.21 0.21 0.12 0.12 0.09 0.09 0.0 0.0 0.15 
兰州百圆服饰有限公司~0.03 0.21 0.21 0.12 0.12 0.09 0.09 0.0 0.0 0.15 
南京百圆裤业有限公司~0.03 0.21 0.21 0.12 0.12 0.09 0.09 0.0 0.0 0.15 
南宁诚勤服饰有限公司~0.03 0.21 0.21 0.12 0.12 0.09 0.09 0.0 0.0 0.15 
合肥百圆裤业销售有限公司~0.03 0.21 0.21 0.12 0.12 0.09 0.09 0.0 0.0 0.15 
山西百圆裤业有限公司~0.03 0.21 0.21 0.12 0.12 0.09 0.09 0.0 0.0 0.15 
武汉实宜舒商贸有限公司~0.03 0.21 0.21 0.12 0.12 0.09 0.09 0.0 0.0 0.15 
深圳环球易购电子商务有限公司~0.03 0.21 0.21 0.12 0.12 0.09 0.09 0.0 0.0 0.15 
贵阳百圆裤业有限公司~0.03 0.21 0.21 0.12 0.12 0.09 0.09 0.0 0.0 0.15 
通化东宝药业股份有限公司(:)
《关于加强药品市场价格行为监管的通知》~0.25 0.57 0.0 0.0 0.0 0.0 0.0 0.0 0.0 0.18 
《关于化学药生物等效性试验实行备案管理的公告》~0.25 0.57 0.0 0.0 0.0 0.0 0.0 0.0 0.0 0.18 
《关于印发推进药品价格改革意见的通知》~0.25 0.57 0.0 0.0 0.0 0.0 0.0 0.0 0.0 0.18 
《关于完善公立医院药品集中采购工作的指导意见》~0.25 0.57 0.0 0.0 0.0 0.0 0.0 0.0 0.0 0.18 
《关于开展药物临床实验数据自查核查工作的公告》~0.25 0.57 0.0 0.0 0.0 0.0 0.0 0.0 0.0 0.18 
《关于改革药品医疗器械审评审批制度的意见》~0.25 0.57 0.0 0.0 0.0 0.0 0.0 0.0 0.0 0.18 
《国务院关于改革药品医疗器械审评审批制度的意见》~0.25 0.57 0.0 0.0 0.0 0.0 0.0 0.0 0.0 0.18 
国务院办公厅~0.29 0.65 0.0 0.0 0.0 0.0 0.0 0.0 0.0 0.06 
通化统博生物医药有限公司~0.03 0.21 0.21 0.12 0.12 0.09 0.09 0.0 0.0 0.15 
通化金马药业集团股份有限公司(:)
苏州融泰沣熙投资中心~0.03 0.21 0.21 0.12 0.12 0.09 0.09 0.0 0.0 0.15 
通化神源药业有限公司~0.03 0.21 0.21 0.12 0.12 0.09 0.09 0.0 0.0 0.15 
长春农村商业银行股份有限公司~0.03 0.21 0.21 0.12 0.12 0.09 0.09 0.0 0.0 0.15 
重庆莱美药业股份有限公司(:)
 莱美（香港）有限公司~0.03 0.21 0.21 0.12 0.12 0.09 0.09 0.0 0.0 0.15 
万元多~0.22 0.5 0.0 0.0 0.0 0.0 0.0 0.0 0.0 0.29 
云南莱美生物科技有限公司~0.03 0.21 0.21 0.12 0.12 0.09 0.09 0.0 0.0 0.15 
四川禾正制药有限责任公司~0.03 0.21 0.21 0.12 0.12 0.09 0.09 0.0 0.0 0.15 
成都市康来兴药业有限公司~0.05 0.15 0.13 0.11 0.11 0.1 0.1 0.07 0.05 0.11 
成都禾正生物科技有限公司~0.03 0.21 0.21 0.12 0.12 0.09 0.09 0.0 0.0 0.15 
成都金星健康药业有限公司~0.03 0.21 0.21 0.12 0.12 0.09 0.09 0.0 0.0 0.15 
武汉康瑞药业有限公司~0.06 0.15 0.13 0.11 0.1 0.1 0.09 0.08 0.06 0.11 
河南省顺康医药有限责任公司~0.05 0.15 0.13 0.11 0.11 0.1 0.1 0.07 0.05 0.11 
西藏泰达厚生医药有限公司~0.06 0.15 0.13 0.11 0.1 0.1 0.09 0.08 0.06 0.11 
西藏药友医药有限责任公司~0.06 0.15 0.13 0.11 0.1 0.1 0.09 0.08 0.06 0.11 
西藏西玛医药科技有限公司~0.06 0.15 0.13 0.11 0.1 0.1 0.09 0.08 0.06 0.11 
重庆凯昱医药有限公司~0.06 0.15 0.13 0.11 0.1 0.1 0.09 0.08 0.06 0.11 
重庆市莱美医药有限公司~0.03 0.21 0.21 0.12 0.12 0.09 0.09 0.0 0.0 0.15 
重庆莱美健康产业有限公司~0.03 0.21 0.21 0.12 0.12 0.09 0.09 0.0 0.0 0.15 
重庆莱美医疗器械有限公司~0.03 0.21 0.21 0.12 0.12 0.09 0.09 0.0 0.0 0.15 
重庆莱美广亚医药有限公司~0.03 0.21 0.21 0.12 0.12 0.09 0.09 0.0 0.0 0.15 
重庆莱美金鼠中药饮片有限公司~0.03 0.21 0.21 0.12 0.12 0.09 0.09 0.0 0.0 0.15 
陕西春辉医药有限公司~0.05 0.15 0.13 0.11 0.11 0.1 0.1 0.07 0.05 0.11 
重庆长安汽车股份有限公司(:)
中国南方工业集~0.22 0.5 0.0 0.0 0.0 0.0 0.0 0.0 0.0 0.29 
中国长安汽车集团~0.22 0.5 0.0 0.0 0.0 0.0 0.0 0.0 0.0 0.29 
中汇富通（深圳）有限责任公司~0.22 0.5 0.0 0.0 0.0 0.0 0.0 0.0 0.0 0.29 
保定长安客车制造有限公司~0.03 0.21 0.21 0.12 0.12 0.09 0.09 0.0 0.0 0.15 
南京长安汽车有限公司~0.03 0.21 0.21 0.12 0.12 0.09 0.09 0.0 0.0 0.15 
合肥长安汽车有限公司~0.03 0.21 0.21 0.12 0.12 0.09 0.09 0.0 0.0 0.15 
江铃控股有限公司~0.03 0.21 0.21 0.12 0.12 0.09 0.09 0.0 0.0 0.15 
河北长安汽车有限公司~0.03 0.21 0.21 0.12 0.12 0.09 0.09 0.0 0.0 0.15 
西南证券~0.22 0.5 0.0 0.0 0.0 0.0 0.0 0.0 0.0 0.29 
重庆农村商业银行~0.22 0.5 0.0 0.0 0.0 0.0 0.0 0.0 0.0 0.29 
重庆汽车金融有限公司~0.22 0.5 0.0 0.0 0.0 0.0 0.0 0.0 0.0 0.29 
重庆长安新能源汽车有限公司~0.03 0.21 0.21 0.12 0.12 0.09 0.09 0.0 0.0 0.15 
重庆长安汽车国际销售服务有限公司~0.03 0.21 0.21 0.12 0.12 0.09 0.09 0.0 0.0 0.15 
重庆长安汽车客户服务有限公司~0.03 0.21 0.21 0.12 0.12 0.09 0.09 0.0 0.0 0.15 
重庆长安汽车销售有限公司~0.03 0.21 0.21 0.12 0.12 0.09 0.09 0.0 0.0 0.15 
重庆长安铃木汽车有限公司~0.03 0.21 0.21 0.12 0.12 0.09 0.09 0.0 0.0 0.15 
长安标致雪铁龙汽车有限公司~0.03 0.21 0.21 0.12 0.12 0.09 0.09 0.0 0.0 0.15 
长安福特汽车有限公司~0.03 0.21 0.21 0.12 0.12 0.09 0.09 0.0 0.0 0.15 
长安福特马自达发动机有限公司~0.03 0.21 0.21 0.12 0.12 0.09 0.09 0.0 0.0 0.15 
长安马自达汽车有限公司~0.03 0.21 0.21 0.12 0.12 0.09 0.09 0.0 0.0 0.15 
长春一汽富维汽车零部件股份有限公司(:)
阜新德尔汽车部件股份有限公司(:)
一汽轿车股份有限公司~0.05 0.15 0.13 0.11 0.11 0.1 0.1 0.07 0.05 0.11 
上汽通用五菱汽车股份有限公司~0.05 0.15 0.13 0.11 0.11 0.1 0.1 0.07 0.05 0.11 
余姚市共创制动元件厂~0.06 0.15 0.13 0.11 0.1 0.1 0.09 0.08 0.06 0.11 
江铃汽车股份有限公司~0.05 0.15 0.13 0.11 0.11 0.1 0.1 0.07 0.05 0.11 
河身贸易~0.06 0.15 0.13 0.11 0.1 0.1 0.09 0.08 0.06 0.11 
浙江启博机械有限公司~0.06 0.15 0.13 0.11 0.1 0.1 0.09 0.08 0.06 0.11 
海马轿车有限公司~0.05 0.15 0.13 0.11 0.11 0.1 0.1 0.07 0.05 0.11 
深圳市比亚迪供应链管理有限公司~0.05 0.15 0.13 0.11 0.11 0.1 0.1 0.07 0.05 0.11 
玉环县大宏汽车转向泵零部件有限公司~0.06 0.15 0.13 0.11 0.1 0.1 0.09 0.08 0.06 0.11 
阜新中孚轻金属科技有限公司~0.06 0.15 0.13 0.11 0.1 0.1 0.09 0.08 0.06 0.11 
青海春天药用资源科技股份有限公司(:)
鹭燕（福建）药业股份有限公司(:)
泉州鹭燕医药有限公司~0.03 0.21 0.21 0.12 0.12 0.09 0.09 0.0 0.0 0.15 
漳州鹭燕医药有限公司~0.03 0.21 0.21 0.12 0.12 0.09 0.09 0.0 0.0 0.15 
福州鹭燕医药有限公司~0.03 0.21 0.21 0.12 0.12 0.09 0.09 0.0 0.0 0.15 
福建鹭燕中宏医药有限公司~0.03 0.21 0.21 0.12 0.12 0.09 0.09 0.0 0.0 0.15 
莆田鹭燕医药有限公司~0.03 0.21 0.21 0.12 0.12 0.09 0.09 0.0 0.0 0.15 
